*Node
1, 0.00000000, -0.00000000, 100.00000000
2, 0.00000000, -0.00000000, -100.00000000
3, 19.50903220, -0.00000000, -98.07852804
4, 38.26834324, -0.00000000, -92.38795325
5, 55.55702330, -0.00000000, -83.14696123
6, 70.71067812, -0.00000000, -70.71067812
7, 83.14696123, -0.00000000, -55.55702330
8, 92.38795325, -0.00000000, -38.26834324
9, 98.07852804, -0.00000000, -19.50903220
10, 100.00000000, -0.00000000, -0.00000000
11, 98.07852804, -0.00000000, 19.50903220
12, 92.38795325, -0.00000000, 38.26834324
13, 83.14696123, -0.00000000, 55.55702330
14, 70.71067812, -0.00000000, 70.71067812
15, 55.55702330, -0.00000000, 83.14696123
16, 38.26834324, -0.00000000, 92.38795325
17, 19.50903220, -0.00000000, 98.07852804
18, 23.00427229, 17.70467155, -95.69403357
19, 98.14721298, -16.53880320, -9.67432545
20, 44.44835307, -15.70008741, 88.19212643
21, 62.52141722, -16.94959665, -76.18256731
22, 87.07494697, -16.95795332, 46.15605517
23, 9.65989187, -16.94959665, -98.07852804
24, 63.09298553, 18.83306412, -75.26347635
25, 94.30942521, 16.94959665, -28.60845137
26, 86.91606406, 16.94959665, 46.45760413
27, 35.83326585, 21.71326199, 90.79929136
28, 97.83017286, 18.56545870, 9.19679413
29, 62.52141722, 16.94959665, 76.18256731
30, 87.00486036, -17.41449486, -46.11821377
31, 11.48709949, -18.91338091, 97.52092374
32, 43.35098744, 19.80280125, -87.91212061
33, 60.40249735, -17.77282102, 77.68954336
34, 49.32403765, -33.61345603, 80.23262979
35, 65.13540196, -34.87438007, 67.38810745
36, 31.70037094, -30.47186694, 89.81398447
37, 76.32422805, -17.40263206, 62.22347314
38, 78.34727080, -33.48410843, 52.34997269
39, 87.78321002, -32.41116483, 35.26505965
40, 67.16019204, -49.90110253, 54.76667391
41, 35.75710775, -47.93974017, 80.14493470
42, 18.07991780, -44.79204380, 87.56020434
43, 52.25770579, -50.49046447, 68.70112942
44, 53.63648317, -64.23482540, 54.74499867
45, 20.69013273, -59.98227332, 77.29194845
46, 66.90811982, -62.36068681, 40.42830993
47, 52.59237793, -75.66253858, 38.84870705
48, 64.69814548, -72.45190003, 23.76703924
49, 49.24615497, -84.31571844, 21.57952373
50, 60.25099661, -79.58284151, 6.03230842
51, 43.75354523, -89.85062634, 3.53443432
52, 31.83019450, -92.89994972, 18.87956728
53, 25.61435289, -96.66169379, 0.64952194
54, 13.12429542, -97.87239114, 15.77174445
55, 6.53721710, -99.75311382, -2.56536086
56, -6.14747228, -99.04057049, 12.37634769
57, -12.79006583, -99.00236733, -5.91147011
58, 36.73129245, -92.09292770, -13.02708035
59, -0.06324232, -97.78114687, -20.94858749
60, -19.21392508, -95.11206332, -24.17685867
61, -6.31678951, -92.02731270, -38.61440000
62, -25.21981013, -87.54287305, -41.23356103
63, -12.01675200, -82.71619170, -54.89653270
64, -30.55855724, -76.58014437, -56.58317832
65, 7.06411418, -85.50552210, -51.37026359
66, 0.40731756, -95.24782224, 30.45794560
67, -18.80876744, -94.53129606, 26.64703236
68, -43.22053417, -79.81474111, -41.97132983
69, -47.84358303, -67.33489500, -56.36491354
70, 1.64527235, -57.96823978, 81.46763932
71, -30.98493440, -94.62150672, -9.31151474
72, -34.42106171, -62.70424227, -69.88110268
73, -50.90807466, -52.19754090, -68.43818129
74, -63.37264994, -55.66866247, -53.71133268
75, -65.32855495, -39.48494617, -64.59968215
76, -76.54465691, -42.03302478, -48.72515085
77, -77.38326790, -25.48017999, -57.98784593
78, -64.52633874, -21.88435247, -73.19444464
79, -37.01337917, -46.88435339, -80.19892250
80, -73.23147616, -57.26898034, -36.84311047
81, 1.41963609, -74.80241156, -66.35196951
82, 20.47700527, -75.98237111, -61.70390211
83, 74.48606641, -66.24592079, 7.95637411
84, 68.73242003, -71.96355285, -9.85400926
85, -12.07547330, -88.89758475, 44.17468020
86, -30.99196397, -86.40169633, 39.67675694
87, 14.54722160, -63.39758044, -75.95475718
88, 33.20675024, -63.28387576, -69.94614219
89, -23.45251891, -81.55156072, 52.90862218
90, 38.55024450, -74.33625049, -54.66260616
91, 49.85264347, -60.25066385, -62.32633027
92, 7.25379930, -87.82779800, 47.26161544
93, 81.15898667, -57.81946724, -8.37425165
94, 74.72961326, -61.54727276, -25.04831567
95, 26.87989544, -49.65343776, -82.53488559
96, 7.81850071, -48.67048465, -87.00606284
97, 85.28108036, -46.69114879, -23.38961218
98, 76.92911834, -49.33453967, -40.59573804
99, -4.60623488, -60.82270937, -79.24254302
100, -37.24216329, -90.28025692, 21.50573143
101, -48.76345082, -80.43674391, 33.94195181
102, -84.97499147, -42.70575699, -30.91066392
103, -80.10293664, -56.93654921, -18.48645195
104, -90.22918511, -41.40563987, -12.01112571
105, -93.36929456, -26.28964722, -24.31109380
106, -96.85871689, -24.33462687, -5.12004852
107, -91.89556661, -38.77898202, 7.16905786
108, -96.67349478, -21.30658502, 14.15149612
109, -89.90968607, -34.99318932, 26.30066636
110, -92.90621997, -16.79976576, 32.95758125
111, -84.34014899, -30.16055011, 44.46437322
112, -85.73309198, -11.49019666, 50.17780704
113, -92.52760560, 1.38976931, 37.90396738
114, -83.43529522, 7.50308167, 54.61002908
115, -98.16177299, -8.76180318, -16.95574026
116, -74.94800644, -7.00257292, -65.83130185
117, -74.96109748, -6.09345382, 65.90678026
118, -71.72962340, 13.13472188, 68.42762752
119, -60.99705361, -3.54816734, -79.16293299
120, -61.35011045, -0.75509688, 78.96577598
121, -56.34535531, 18.12801052, 80.60134099
122, -64.40953891, -19.57183885, 73.94832264
123, -48.92185597, -14.15297256, 86.06012652
124, -50.22514950, -32.75923834, 80.02666219
125, -34.43887607, -26.76748137, 89.98591977
126, -53.75336321, -83.13312841, 14.12299204
127, -79.97625381, -47.30934272, 36.95436264
128, -35.35364590, -45.17497765, 81.91056779
129, -49.88119098, -50.03572987, 70.76929082
130, -32.32693704, -7.76426442, 94.31163947
131, -92.96470451, -10.32398282, -35.36918284
132, -95.81938105, 7.37092184, -27.64626062
133, 29.65779899, 34.93783762, -88.88060790
134, -70.09997857, 11.43596026, -70.39326542
135, 10.76737077, 32.93077308, -93.80633194
136, -56.16156570, 15.17545588, -81.33624086
137, -62.76788726, 29.54333970, -72.02349206
138, 17.71703864, 50.21476923, -84.64386270
139, 36.35677492, 51.10246032, -77.88917426
140, -2.14806058, 46.92261977, -88.28167188
141, -45.83841133, -0.07346283, -88.87538833
142, -99.22607315, 8.96337338, -8.59327320
143, -65.00013611, 31.48958433, 69.16204439
144, -94.92174077, 24.90587722, -19.22395405
145, 20.40784446, 65.45162745, -72.79838150
146, 41.24943676, 65.15498244, -63.66562832
147, 26.27270138, 76.53631715, -58.75318987
148, 44.92931140, 76.76416483, -45.70142202
149, 28.86197598, 86.25733717, -41.55307603
150, 11.26954057, 85.77371526, -50.15842129
151, 13.85593693, 93.88073794, -31.53442652
152, 30.62901378, 92.30829212, -23.26032506
153, 15.14534828, 97.99078152, -12.97787204
154, -2.71900616, 97.79591719, -20.70182566
155, -1.12036710, 99.97020135, -2.16878281
156, 16.41161055, 98.44611668, 6.24669112
157, 0.00918637, 98.53762670, 17.03924997
158, -17.80940158, 98.07129497, 8.05272114
159, 17.32910607, 95.11278716, 25.55894759
160, -48.92580753, 36.22873753, 79.33312003
161, -56.47544328, 48.93340593, 66.45333769
162, -39.37866391, 52.84643895, 75.21020356
163, -45.99846146, 64.56378621, 60.95620603
164, -62.10118692, 59.54976726, 50.96339669
165, -28.07347646, 67.33787469, 68.39218194
166, 33.40145061, 93.15651417, 14.35990822
167, 33.83007895, 87.98406525, 33.38158205
168, 49.22766930, 84.26098895, 21.83397163
169, 48.87338330, 77.42740045, 40.20435381
170, 32.67352334, 79.54589347, 51.03813970
171, 63.31933883, 72.13585678, 28.05493711
172, 62.58185622, 77.45230884, 9.20060475
173, -30.69458235, 42.75792248, 85.02707028
174, 56.46583698, 61.60927888, -54.91726514
175, -96.49669529, 26.23511067, 0.32675238
176, -90.34895351, 41.65067387, -10.11375131
177, -89.29079823, 21.92229033, 39.32641018
178, 46.92577731, 67.46650036, 56.97580850
179, 29.95375984, 68.15889135, 66.76179897
180, -50.35588677, 74.39045690, 43.93568697
181, -65.58527649, 67.66688208, 33.46288358
182, -86.96872676, 39.70478356, -29.32525750
183, -80.67585933, 55.66038699, -19.83247442
184, 75.45221410, 63.87608821, 15.06017074
185, 73.37572418, 67.82157617, -4.02950465
186, 0.93089679, 93.54077170, 35.34483642
187, -75.84968058, 53.02807705, -37.87940074
188, -67.89037243, 67.74041612, -28.32195888
189, -61.60220741, 63.96038526, -45.98083471
190, -52.39710830, 77.28269847, -35.80401596
191, -45.09576014, 72.60400143, -51.91369177
192, -58.73906188, 78.97135552, -17.69880270
193, 43.70987120, 54.97535592, 71.18396871
194, 59.55546231, 52.88576297, 60.46687509
195, 25.77606538, 54.26382837, 79.94392649
196, -48.92442285, 33.42247546, -80.55643353
197, -8.45781771, 29.36541200, -95.21626908
198, -52.93284299, 80.71927531, 26.12494454
199, 74.84353542, 57.24024459, 33.49626256
200, -90.11936661, 42.29267980, 9.47781601
201, 84.79574335, 52.97795431, 1.73731614
202, 81.19146278, 55.74157854, -17.34424383
203, -34.91283435, 84.13636118, -41.25732329
204, -26.65447019, 77.41729795, -57.41168171
205, -21.28830068, 42.34271800, -88.05624615
206, 11.72897540, 66.47129476, 73.78345417
207, 7.18746117, 51.40503390, 85.47434055
208, -36.14686640, 85.89804521, 36.26196186
209, 51.49571907, 34.60820020, -78.42489016
210, 67.34557894, 33.88575503, -65.69877170
211, 68.26543099, 69.39670844, -22.88946896
212, -66.16473107, 73.47362604, 14.96177255
213, -36.09502534, 63.70153402, -68.11214069
214, -67.15525751, -70.36249693, -23.22262720
215, 59.46789511, -75.46585721, -27.72136085
216, -76.30957029, 25.90860815, -59.20805271
217, -76.18265510, 51.88006288, 38.78997471
218, 38.29401747, -76.18052797, 52.25031468
219, -72.79624982, -68.33584811, -5.56038441
220, -17.03149081, 67.40936043, -71.87424050
221, 86.68704712, -49.14022254, 8.40204687
222, 5.66048029, -70.86462121, 70.32897286
223, -18.46177975, -38.11033932, 90.59119563
224, -64.70203291, -71.23361963, 27.19224839
225, -57.37284556, -67.33908524, 46.62407309
226, 90.81261528, 40.31646184, -11.29831009
227, 85.69399474, 42.52216346, -29.12739056
228, -73.87713766, -41.57986271, 53.04039543
229, -98.90493590, 9.92459047, 10.92319358
230, -19.14622984, 87.06580066, -45.30969253
231, -58.10583665, -81.14552103, -6.25429163
232, -11.24650613, -45.07451119, -88.55396400
233, -9.47321255, -68.51706865, 72.21959254
234, 38.61091436, 39.81116426, 83.21218957
235, -89.70322322, 5.91063194, -43.79949969
236, -52.06690288, 85.02610264, 7.72007085
237, -27.05045014, 24.63689106, -93.06608805
238, -14.11369186, 10.86770617, -98.40069443
239, -53.23554401, 46.61866267, -70.65887874
240, -68.04070371, 47.32226935, -55.95592428
241, 55.49895262, 39.39376200, 73.26662115
242, 70.68806882, 34.37348597, 61.81957934
243, -23.33165007, 93.10650503, -28.05018407
244, -7.87248907, 63.75781157, 76.63527503
245, -0.32252272, 76.15717450, 64.80725847
246, -37.81307709, -61.22193324, 69.44095399
247, 37.22262606, -63.40987040, 67.77657741
248, 77.68816715, 16.88476724, 60.65849751
249, 19.81458080, -33.97254521, -91.94154969
250, 38.42301313, -34.14427974, -85.77785392
251, 30.79276141, -17.80261607, -93.46054090
252, -11.58604310, 46.29813160, 87.87631431
253, 2.68721554, 34.28635612, 93.90007804
254, -16.86572168, 30.33881908, 93.78221307
255, -33.87407517, 20.46980199, 91.83427594
256, -23.52413279, 13.58226218, 96.23999860
257, 92.84999142, 36.39658612, 7.35986497
258, -45.61631963, 3.64988601, 88.91473283
259, 75.00416896, 17.86599390, -63.68030230
260, 79.21302432, 31.96972885, -51.99262655
261, 98.14252035, -16.68953017, 9.46072313
262, 94.67710192, -32.18896917, -0.34151977
263, 55.11152874, -69.23396257, -46.57658024
264, 43.17335983, -81.67480400, -38.27907252
265, 94.52813720, -16.51034231, 28.13964950
266, 94.43169198, 16.18914924, 28.64554059
267, 87.19904393, 33.68338478, 35.52120954
268, 98.12748879, 16.64647197, -9.68973241
269, 9.38237397, 16.78517613, 98.13372978
270, 51.66533644, 13.70364530, 84.51569745
271, 94.43169198, -16.18914924, -28.64554059
272, 76.55707741, -17.49254019, -61.91142816
273, 66.66030887, -33.40157432, -66.63886295
274, 47.63119367, -17.39948185, -86.18890544
275, 23.10831820, -74.25718580, 62.86394823
276, 26.04106343, -84.84751353, -46.07344639
277, 12.90367619, -92.82656211, -34.88157835
278, -76.06946555, -23.68666537, 60.43490957
279, -86.82468083, -26.85282183, -41.71811069
280, -70.71498168, 43.24448541, 55.94019884
281, -78.98942226, 26.30206413, 55.39740602
282, -51.47091615, -35.71544349, -77.94326069
283, -37.76903242, -31.01375770, -87.24475356
284, -90.45622395, 22.71303992, -36.08031827
285, -82.60389629, 56.34515819, -1.34887634
286, -79.05564611, 58.44103837, 18.29890306
287, -16.95750201, 94.76847400, 27.04402819
288, -15.23680968, 87.75323578, 45.46657279
289, -36.15403174, 91.62474412, 17.25665824
290, -35.46245758, 93.49467646, -1.07683628
291, -32.25944739, 78.28570839, 53.20409680
292, -83.93504137, -51.05983863, 18.64944261
293, 47.85564559, 87.74769811, 3.19040140
294, 31.89891434, 94.66648766, -4.55141500
295, 59.50784342, 79.79866672, -9.53883438
296, 54.01911270, 79.53002809, -27.51199912
297, -16.22704324, -70.51304510, -69.02603522
298, -18.50445647, -21.79479161, 95.82573845
299, 42.77959315, -47.87151537, -76.66957954
300, 15.81571946, 78.83984421, 59.44864997
301, -42.41156165, 87.19664382, -24.45413556
302, -39.92867199, -74.56049251, 53.35198318
303, 21.36492996, 38.56200425, 89.75807259
304, 74.59784980, 56.43233937, -35.36314294
305, 69.26879886, 49.17204848, -52.76308513
306, 86.39341991, 46.57100803, 19.16554741
307, -7.33425751, 79.24527465, -60.55076476
308, 1.38056438, 68.31629751, -73.01354351
309, 62.66630978, 63.64281884, 44.97249414
310, -83.85716447, -54.47873605, 0.20805050
311, 17.46326807, 88.57464799, 43.00658092
312, -6.73515356, -80.19667962, 59.35596251
313, -94.38839992, 26.66429075, 19.48962699
314, -59.14633521, -69.99219983, -40.03502208
315, -99.73440842, -6.82085471, 2.55415715
316, -37.01674128, -89.05732521, -26.43016631
317, -25.17920778, -96.41708509, 8.35183807
318, 19.12060318, -92.43240473, 33.02503731
319, 18.72813081, -96.73241967, -17.09081922
320, 53.78924017, -83.52279539, -11.43067333
321, 36.43976642, -86.04897321, 35.60502259
322, 77.61624957, -58.12329239, 24.44178154
323, -72.43893697, 68.13294224, -10.51202130
324, 78.82644021, -47.78050133, 38.77390897
325, -19.06646030, 97.65179802, -10.02977739
326, 87.16638478, -33.41482396, -35.85346433
327, -86.96957249, 40.34240947, 28.43911847
328, -38.62081243, 49.70550864, -77.70325127
329, 56.05974573, 49.19719340, -66.61036758
330, 87.10695864, 15.63898122, -46.55963941
331, -1.48569440, -40.26586399, 91.52296384
332, 1.69957867, -31.79442432, -94.79570673
333, -9.36046776, -16.68631389, -98.15267990
334, -17.41101724, -27.47215644, -94.56287379
335, -26.85623362, -11.77397360, -95.60395526
336, 22.73522800, -84.34096697, 48.67967439
337, -49.35773914, -18.18323728, -85.04812443
338, 0.19277212, 85.55356071, 51.77403876
339, 76.33146505, 44.58418697, 46.75208783
340, 92.89680872, -32.50726963, 17.70481152
341, 61.79386374, 67.87330798, -39.68289893
342, 78.10278847, -34.96771562, -51.74179449
343, 66.08867157, -52.13829104, -53.98042327
344, -20.38391545, -56.05332465, -80.26531496
345, -82.13900970, 35.36753613, -44.74729572
346, 9.91157622, 76.43317635, -63.71601219
347, -63.75560101, -36.82405979, 67.66987484
348, -84.76513835, -10.83087811, -51.93807274
349, -97.72288275, -3.62172022, 20.90744676
350, -42.39486257, -90.53357896, 2.51926743
351, 6.49885590, 19.36387325, -97.89180397
352, -52.53330865, -81.06647454, -25.85494513
353, -81.89879611, 36.65222731, 44.14976138
354, -22.34299745, 55.93330653, 79.82640970
355, 93.00337470, -32.10737742, -17.87424432
356, 26.72614302, -14.92189855, 95.20005369
357, 49.09447688, 26.99930175, 82.82976545
358, 44.71910687, 88.03110823, -15.83431288
359, 53.95891706, -33.05239103, -77.43367947
360, -75.41920949, -64.42055003, 12.72539089
361, -31.59722071, 6.55317847, -94.65025882
362, -41.24569034, 18.38325358, -89.22359002
363, -50.24140524, -62.37841817, 59.87264939
364, 31.10861640, -90.51821884, -28.96042202
365, -2.28240933, 92.45670665, -38.03351158
366, -52.45010291, 59.82064728, -60.58446059
367, -20.30773249, -54.01749201, 81.66827143
368, 56.01362556, -46.06351495, -68.85220651
369, -70.17416137, -57.42463001, 42.16632477
370, -62.19123764, -53.06194310, 57.59062559
371, -12.49686301, 56.99158427, -81.21445522
372, 67.53159942, -62.45395822, -39.22991439
373, -95.72667028, 12.04795444, 26.29166010
374, 85.93604740, -44.61339333, 24.99281681
375, -81.37950131, 7.35081240, -57.64843731
376, 87.59508255, 30.73559059, -37.18097611
377, -75.82711399, -59.04092516, 27.64810917
378, -65.70583454, -74.94753941, 8.09997796
379, -15.96097820, 77.60922145, 61.00865448
380, -25.63123075, -42.30100675, -86.91182220
381, 80.33457382, 29.94812776, 51.47296274
382, -2.34672786, 21.12390543, 97.71526743
383, 16.27776216, -31.00558666, 93.66796707
384, 93.01304238, 30.20464620, 20.88667748
385, -44.82890618, -88.38231102, -13.37670620
386, 9.80316115, -79.58999327, 59.74387837
387, 79.50843116, 43.44210951, -42.32248215
388, -48.19353676, 87.20390495, -8.53592274
389, 89.12648623, -44.45535498, -8.95493527
390, -63.19927958, 77.48998353, -1.07401722
391, 93.07486755, 30.02533826, -20.86978899
392, -35.22483985, 35.53786890, -86.58100560
393, 40.34763312, 85.59405894, -32.33768043
394, -31.93896442, 93.39215260, -16.05641258
395, 46.14510379, -85.47887654, -23.74849599
396, -25.95040362, 56.93888265, -78.00346271
397, -14.94264625, -0.29787785, 98.87683547
398, 0.04394910, -15.09752884, 98.85374394
399, 0.29823343, -26.51177597, 96.42114287
400, -31.43037543, 4.95474899, 94.80285841
401, 5.42894370, 57.86687926, -81.37537008
402, -23.69712665, -69.35837953, 68.02838655
403, -73.94864190, 67.19993275, 3.97081856
404, -84.92754340, 19.31792102, -49.13379997
405, 95.61794061, 29.01899137, -3.88684610
406, -45.42902831, 55.58553949, -69.61645773
407, -0.00000000, 0.00000000, -0.00000000
408, 42.38643756, 19.48513324, -18.51133288
409, -22.26217698, 31.55314874, -32.10091707
410, -40.85375119, -25.62207940, 14.08511075
411, 22.85845650, -44.16128545, -7.17254203
412, -14.07693262, -25.23329130, -41.09679415
413, -13.69151315, -0.89829492, 48.24877123
414, 13.34163345, 38.16320753, 29.94535844
415, 42.93920169, -4.32040694, 25.73456562
416, -41.21724872, 24.62382764, 14.83762454
417, 6.82988133, -40.27238537, 35.86983234
418, 30.32817745, -16.90877110, -42.44922317
419, -50.10517522, -2.76611887, -24.71128536
420, 11.47604409, 53.32797950, -12.19013112
421, -21.33352907, -53.84108937, -9.98337197
422, 55.45387178, -18.22486913, -10.43320046
423, 14.79778199, 21.93794171, -51.01487991
424, -19.56055958, 36.20810411, 47.97392906
425, -17.88036096, 56.53177480, 14.10069736
426, -25.99998026, 5.43268841, -58.07045600
427, 42.28001700, 46.12172623, 7.69041053
428, 22.77579189, -6.56118414, 58.09719821
429, 41.70323256, -41.03748035, 24.24415238
430, -49.48908520, -0.94149961, 39.91553542
431, -27.42693957, -34.54984132, 46.69666315
432, -65.23086748, -0.37455678, 7.21460973
433, -54.52332915, 31.78829220, -17.28611096
434, 13.18965719, -47.97857796, -41.12483753
435, 63.38957781, 19.52522096, 8.17363764
436, -51.06450004, -37.26299777, -18.44019230
437, 1.65700041, -65.56084958, 13.15118879
438, 5.05836143, -8.40302171, -64.50762953
439, 1.55939855, 51.39753242, -43.72178285
440, 46.52635503, 28.35186556, 37.39912375
441, 5.62751020, 21.28898159, 63.53988869
442, 33.59253194, 46.36694232, -36.10385553
443, -33.63812424, 57.04363569, -14.74241997
444, -8.85031032, -30.22428356, 8.94403850
445, 12.20042072, 5.63763932, 29.64242700
446, -4.56931219, 4.36318750, -31.81971889
447, 45.45981084, -41.71080218, -29.44965498
448, -28.95802606, -56.68161397, 22.11421253
449, -9.20128747, 30.63600870, -2.78291328
450, -1.58053004, -26.18361788, 62.93326703
451, 57.38707514, -1.29352247, -37.14854053
452, -44.35995232, -21.91762702, -49.02398658
453, 18.89688602, 65.45921290, 15.68537866
454, 20.50535530, 23.29698057, 3.43674643
455, 5.39110338, -67.35067788, -18.15851087
456, -23.74852556, -14.77246994, -13.50101232
457, 24.90782687, -13.70984718, -12.16971756
458, -23.96651210, -0.44760071, 19.26607204
459, -16.24279164, -55.54710962, -39.91960726
460, 69.91680731, -8.82300080, 13.61358248
461, 19.26361211, -20.64420975, 16.63695065
462, 31.82453955, -35.01138756, 52.35713609
463, 54.66824758, -46.47886022, -1.76307770
464, -47.98245764, 28.56001272, 43.55311789
465, 44.63653867, 22.40561173, -50.07986766
466, -50.87635291, 50.50571810, 7.20225097
467, -47.01556781, 19.97758533, -43.28521022
468, -11.50447519, 31.41713550, -61.88773155
469, 30.53481779, -65.32924826, 10.74394980
470, -2.62131423, 58.64631708, 42.17781232
471, -31.06538823, 12.95494657, -9.62017479
472, 33.54983260, 19.30598081, 60.67139236
473, -51.68549123, -50.52472332, 6.44973121
474, 55.01970575, 44.84798945, -17.60338772
475, 10.68860428, 26.94056788, -23.16711361
476, 69.35819339, 17.27775514, -18.12881428
477, 1.38037309, -28.70844125, -17.51560554
478, -2.07477544, -38.10196295, -62.96140979
479, -10.21403145, 23.61708313, 24.52234595
480, -10.04572371, 71.06301538, -8.65224017
481, -34.08722412, 39.61171242, -53.24473171
482, -65.74083600, -21.14097863, 25.78288398
483, -35.62738714, -12.21995284, 61.48309650
484, -31.70988014, 15.37155730, 61.94104532
485, -12.72741412, -57.70012079, 44.32188952
486, 54.74026325, -23.76970179, 41.56186951
487, 35.87325154, 53.72027106, 34.16518470
488, -69.70416476, -25.71673389, -2.07577279
489, -38.61009383, 52.11913652, 32.11492798
490, 30.39819759, 2.21451136, -62.29897449
491, 31.68574675, -63.35574225, -23.06665295
492, 22.02478692, 43.39358407, 55.23945400
493, -71.93809266, 11.36853649, -16.00182197
494, -23.25716609, 58.92497114, -38.91520765
495, 65.01930420, 9.20463018, 32.93523185
496, 23.49116387, -30.87078068, -64.02114528
497, -67.36950016, 27.06324302, 6.59771142
498, 36.31367624, 63.01489880, -12.05260817
499, 23.66155420, -60.90179450, 36.08323102
500, -49.32371414, -42.77872632, 33.16739506
501, -41.19336695, -46.89525884, -40.98576157
502, -19.65534214, -18.45427214, -69.13048599
503, 64.71605999, -33.27193573, 17.28717361
504, 48.44518354, -0.09977180, 51.07898217
505, 23.69543299, 5.29116244, -30.18801939
506, 45.18749646, 2.63340635, 0.91739736
507, -2.64557762, -16.49692549, 30.35689132
508, -54.05114816, -23.84037237, 48.70488366
509, -67.85283652, -20.44059547, -26.56092588
510, -65.99606119, 16.14837214, 29.91256879
511, 63.78223486, -25.08706307, -32.97247371
512, 76.03690124, -4.84768314, -9.83236618
513, -46.70118000, 48.38119328, -33.86805537
514, -26.28385690, -39.93268917, -59.22389098
515, 14.10947298, 68.98841145, -31.36141317
516, -66.83435448, 8.16188240, -39.32113876
517, 60.97730414, 30.76746377, -35.43026975
518, -28.28541857, -5.61015830, -36.03967876
519, 7.93060559, -48.80609599, 59.16014855
520, -16.05906500, -75.53866170, -0.25725273
521, -44.46903826, -60.66154382, -14.75700416
522, -49.96317259, 0.33087743, -57.63008672
523, 43.94883795, -34.05717215, -52.05493400
524, 0.75859018, -2.31607588, 67.99578468
525, -43.04733128, -6.51549390, -0.99026495
526, 38.29166937, -28.55567920, 3.53392817
527, -28.80485242, 14.86293800, 37.53566453
528, -3.05780702, 74.68375500, 20.54030384
529, -11.17539321, 49.50316967, -20.07135292
530, 21.29144219, 45.18656707, -57.97675777
531, 4.42531265, 15.33719245, -73.05986025
532, 31.10868461, 39.67952945, -12.44626748
533, 3.67646541, 46.76459476, 9.63099151
534, -27.79859043, -35.77455918, -24.43454235
535, 17.76442431, 75.87070757, -5.38790247
536, -1.60237256, 44.74011969, 62.40395528
537, 49.28012076, -11.39322751, -57.15843695
538, 7.28235674, -15.72988023, -36.58440817
539, 40.82152882, 20.85964814, 15.55948351
540, 19.60975469, -44.96946145, 16.37200560
541, -32.28004216, 35.95642410, -3.97898862
542, -21.12035782, -0.42516047, 74.92670090
543, -21.40265317, -72.01996539, -24.42388553
544, 64.54168587, 42.02961271, 3.22172049
545, -60.38638568, 39.17989143, 26.03687341
546, 0.25470263, -48.38582522, -2.71407149
547, 22.59528677, 0.19163155, 6.51445500
548, -33.62238822, 23.44936586, -68.22195140
549, 18.48198284, -20.50386417, 39.92620630
550, 24.18659662, -33.16760152, -27.35425591
551, 34.76217009, -53.83670261, -45.48896933
552, -30.05194662, -13.39126094, 37.53842092
553, -33.78673849, 70.72540897, 4.31211730
554, 71.43467978, -32.10711572, -3.81689722
555, 20.31328524, -26.03645287, 70.23498405
556, -23.43511344, -30.27738826, 68.98643974
557, 32.08083968, 10.83059196, 39.54589985
558, -14.95525587, 28.17285537, 71.01123050
559, -14.75553989, -40.09865571, 28.60147200
560, 18.30309145, 66.38051067, 39.95969536
561, 22.57828956, -76.02734907, -7.04485604
562, -55.78664193, 53.82280637, -14.27083967
563, -14.07093543, -72.59423212, 27.56241037
564, 40.09146838, 68.07041780, 9.78006370
565, -36.94264935, -68.79307873, 4.86751800
566, -5.02207341, 11.61582114, -53.04958404
567, 41.87276104, -17.93146863, 64.04999975
568, -27.91334281, -33.95460397, -2.14302014
569, 42.46315216, -2.75724919, -20.59002465
570, -52.51875428, 14.17719184, -3.82798954
571, -21.93197420, 67.94118994, 33.70795245
572, 2.46363994, -67.19680057, -40.00018327
573, -46.55892075, 3.46217494, 18.43702368
574, 3.68220623, 22.10950593, 41.58451600
575, 30.22831442, 24.66095421, -68.10470120
576, -63.73403247, -12.27041875, -46.35556523
577, -37.22590319, 36.49953691, 60.85235954
578, -52.08246668, 6.91835715, 60.41719440
579, -35.79706009, -54.64866134, 45.48132252
580, 64.52708728, -43.51930165, -20.31760225
581, -17.09715718, 51.49158120, -57.82469544
582, 44.39238917, -64.98922798, -5.74697178
583, 65.83288529, 35.08222236, 25.69565256
584, -2.19869105, 30.26508558, -40.34236385
585, 50.43221152, -58.64160794, 15.47443591
586, -11.90679236, 1.17072794, -73.92586793
587, -65.05953319, -43.37863128, 20.14624717
588, -1.77168485, -48.43548137, -25.61317455
589, -78.82373169, -7.21562192, -7.86564784
590, -25.92487579, 38.09669604, 21.80265690
591, -70.63057368, -3.55546148, 37.11717684
592, 54.53364815, 53.12691516, 23.74818663
593, 29.19439967, 25.36302985, -35.46086051
594, -58.67566836, -34.68004419, -39.59178144
595, 6.96801443, 36.68951371, -71.65187661
596, 49.30590151, -44.43292823, 44.08149280
597, 5.47867644, -67.54313195, 43.45686405
598, 70.29112730, -11.21307424, 34.63012006
599, 20.16077667, 8.03686643, 76.15039140
600, -66.60678614, -45.61577498, -7.37874670
601, 14.67559749, 9.72520683, -11.63345429
602, -6.84469557, 67.97735478, -29.26149069
603, -79.08677203, 12.52125363, 14.62550539
604, 34.21728214, 66.24030552, -31.98931345
605, -10.38346711, 12.49648056, -13.33247083
606, 54.56339315, 59.21914785, -2.66965593
607, -62.13455212, 33.89435572, -37.20693817
608, 12.55726941, 1.37286788, -47.52833231
609, -6.68599193, 44.05434860, 27.66680435
610, 80.17349158, 17.07447262, -1.73275908
611, 78.75926056, 9.35915194, 17.25429501
612, -30.26483256, 54.11371737, 51.44397082
613, 49.22450772, 29.77207970, -2.30081272
614, 39.17384712, 1.74185991, 70.38117666
615, -22.54374587, 17.55193968, 8.84314871
616, 54.89911411, 20.24684059, 55.92935418
617, 7.60681620, -25.36266043, -76.05518817
618, 19.77735364, -50.83987741, -60.45575652
619, -22.55892767, -49.24401411, 60.55320591
620, 16.76635663, -78.03905872, 18.77874482
621, 75.44594104, -8.36988694, -30.10486149
622, 6.63526780, -19.58848413, 0.28978490
623, -4.60452799, -57.58635800, -56.78804119
624, -42.20302903, -21.50004453, -28.46508975
625, -11.46648970, -7.97944892, -52.13458572
626, 57.96625385, 7.52334621, -56.02942294
627, -32.40093661, 13.71353541, -30.17267404
628, 6.24653155, -5.19984030, 46.01655178
629, 44.30992393, -21.43846540, -28.39986085
630, 4.49512568, 15.02830846, 13.15974409
631, 42.75959003, 38.09456339, 56.09777941
632, 3.67041360, -79.81506442, -1.02233675
633, -70.15415217, 40.88521699, -8.02960363
634, 6.20990147, -7.78711832, -17.81434394
635, -41.72739469, -34.16395150, 61.09553201
636, 38.81863402, 3.89460886, -43.79985903
637, 23.08117899, 41.36624019, 12.39028322
638, -79.77301717, -10.84797671, 16.00546876
639, 36.95806789, -22.77408385, 31.78073506
640, 51.95652918, -18.00282409, 13.96826578
641, 21.93420077, -10.45325488, -76.28124471
642, -23.38191222, -16.30448568, 6.68666876
643, -12.01315300, 18.42548742, 53.64298728
644, 72.45608003, 36.37270201, -16.30189804
645, -14.26700507, 20.47785375, -78.33350727
646, -12.73545889, -20.90133097, 47.12288710
647, -16.18832422, -48.88799463, 8.75720394
648, -7.77237116, 4.50713734, 29.91815379
*Element, type=C3D4
1, 445, 539, 414, 557
2, 442, 465, 329, 517
3, 436, 509, 488, 525
4, 282, 502, 452, 514
5, 439, 442, 420, 475
6, 141, 502, 426, 522
7, 436, 509, 525, 624
8, 426, 409, 468, 481
9, 414, 440, 492, 557
10, 434, 496, 478, 538
11, 419, 525, 509, 624
12, 80, 501, 436, 521
13, 329, 465, 442, 530
14, 426, 481, 468, 548
15, 410, 436, 488, 525
16, 417, 485, 450, 646
17, 414, 557, 492, 574
18, 448, 473, 224, 500
19, 503, 585, 46, 596
20, 68, 501, 521, 543
21, 426, 467, 409, 481
22, 47, 585, 499, 596
23, 450, 485, 417, 519
24, 330, 451, 476, 517
25, 224, 473, 448, 565
26, 276, 491, 551, 572
27, 485, 619, 450, 646
28, 314, 501, 80, 521
29, 442, 475, 439, 593
30, 428, 441, 557, 628
31, 276, 277, 491, 572
32, 441, 574, 557, 628
33, 341, 474, 442, 517
34, 462, 499, 247, 519
35, 475, 584, 439, 593
36, 215, 580, 447, 582
37, 455, 491, 277, 572
38, 439, 530, 442, 593
39, 492, 557, 472, 574
40, 421, 521, 459, 543
41, 463, 526, 469, 585
42, 131, 493, 509, 516
43, 322, 46, 503, 585
44, 421, 501, 459, 521
45, 540, 437, 559, 647
46, 68, 459, 501, 543
47, 478, 496, 438, 538
48, 453, 528, 480, 533
49, 417, 540, 437, 559
50, 453, 533, 480, 535
51, 155, 528, 480, 535
52, 431, 619, 485, 646
53, 469, 526, 429, 585
54, 131, 509, 493, 589
55, 411, 469, 463, 526
56, 421, 459, 501, 534
57, 459, 521, 501, 543
58, 536, 558, 354, 612
59, 437, 546, 469, 561
60, 501, 521, 421, 534
61, 410, 482, 508, 552
62, 47, 469, 321, 499
63, 426, 409, 467, 627
64, 485, 519, 450, 619
65, 426, 502, 141, 586
66, 409, 426, 468, 566
67, 324, 503, 46, 596
68, 174, 341, 442, 517
69, 49, 321, 47, 469
70, 206, 492, 470, 560
71, 469, 546, 411, 561
72, 428, 441, 472, 557
73, 444, 540, 559, 647
74, 440, 414, 539, 557
75, 558, 577, 354, 612
76, 359, 274, 496, 537
77, 47, 469, 499, 585
78, 410, 430, 482, 552
79, 429, 462, 417, 499
80, 450, 519, 70, 619
81, 410, 436, 525, 568
82, 465, 530, 329, 575
83, 436, 473, 410, 488
84, 429, 526, 469, 540
85, 467, 481, 426, 548
86, 276, 277, 364, 491
87, 411, 469, 526, 540
88, 430, 508, 482, 552
89, 82, 276, 551, 572
90, 420, 442, 439, 515
91, 206, 470, 492, 536
92, 281, 510, 464, 578
93, 446, 456, 412, 634
94, 480, 528, 453, 535
95, 434, 478, 412, 538
96, 346, 439, 147, 515
97, 476, 512, 506, 569
98, 359, 496, 523, 537
99, 436, 501, 80, 594
100, 147, 439, 346, 530
101, 247, 499, 462, 596
102, 215, 447, 491, 582
103, 420, 454, 449, 475
104, 277, 455, 364, 491
105, 429, 417, 462, 639
106, 440, 592, 487, 631
107, 480, 533, 420, 535
108, 418, 496, 523, 550
109, 47, 49, 469, 585
110, 330, 451, 517, 626
111, 499, 585, 429, 596
112, 472, 492, 440, 557
113, 337, 452, 502, 522
114, 31, 555, 524, 599
115, 164, 464, 489, 612
116, 164, 577, 464, 612
117, 155, 156, 528, 535
118, 31, 450, 399, 524
119, 324, 322, 46, 503
120, 434, 523, 496, 550
121, 64, 68, 459, 501
122, 417, 437, 485, 559
123, 434, 459, 412, 478
124, 439, 581, 308, 595
125, 346, 439, 308, 530
126, 101, 448, 224, 500
127, 381, 583, 495, 616
128, 420, 449, 454, 533
129, 355, 511, 554, 621
130, 382, 524, 542, 558
131, 308, 530, 439, 595
132, 417, 444, 540, 559
133, 429, 585, 503, 596
134, 72, 64, 459, 501
135, 407, 461, 445, 507
136, 59, 543, 520, 632
137, 359, 274, 250, 496
138, 507, 559, 552, 642
139, 456, 605, 471, 642
140, 385, 71, 543, 565
141, 182, 493, 607, 633
142, 224, 448, 101, 565
143, 496, 537, 274, 641
144, 59, 455, 543, 632
145, 417, 485, 437, 597
146, 309, 592, 440, 631
147, 414, 440, 539, 637
148, 450, 524, 31, 555
149, 525, 568, 436, 624
150, 432, 410, 482, 488
151, 442, 530, 515, 604
152, 164, 161, 464, 577
153, 157, 155, 156, 528
154, 426, 502, 452, 522
155, 456, 477, 412, 634
156, 417, 429, 499, 540
157, 355, 554, 512, 621
158, 330, 476, 451, 621
159, 432, 419, 525, 589
160, 432, 525, 488, 589
161, 434, 551, 491, 572
162, 435, 506, 476, 512
163, 450, 298, 524, 542
164, 460, 512, 261, 554
165, 459, 72, 501, 514
166, 2, 531, 438, 641
167, 447, 550, 526, 629
168, 410, 431, 500, 559
169, 417, 559, 485, 646
170, 414, 440, 487, 492
171, 433, 467, 419, 516
172, 361, 426, 141, 586
173, 147, 515, 439, 530
174, 414, 487, 440, 637
175, 407, 605, 456, 642
176, 382, 441, 524, 558
177, 480, 528, 158, 553
178, 410, 552, 559, 642
179, 448, 500, 101, 579
180, 198, 489, 466, 553
181, 147, 515, 530, 604
182, 417, 429, 540, 639
183, 428, 557, 504, 639
184, 434, 491, 411, 588
185, 409, 426, 566, 627
186, 410, 508, 500, 552
187, 206, 470, 300, 560
188, 337, 452, 282, 502
189, 190, 494, 443, 513
190, 412, 459, 434, 588
191, 435, 460, 415, 506
192, 425, 529, 449, 541
193, 282, 452, 73, 514
194, 478, 538, 438, 625
195, 424, 558, 536, 612
196, 425, 443, 529, 541
197, 275, 247, 499, 519
198, 339, 583, 440, 592
199, 440, 487, 427, 637
200, 410, 488, 432, 525
201, 399, 450, 31, 555
202, 433, 409, 513, 541
203, 444, 546, 540, 647
204, 154, 515, 535, 602
205, 474, 498, 296, 604
206, 127, 482, 228, 500
207, 73, 452, 75, 501
208, 446, 412, 538, 634
209, 361, 548, 426, 586
210, 164, 161, 577, 612
211, 412, 538, 478, 625
212, 489, 553, 198, 571
213, 154, 535, 480, 602
214, 182, 493, 284, 607
215, 417, 549, 462, 639
216, 247, 218, 499, 596
217, 431, 485, 559, 646
218, 415, 460, 435, 495
219, 411, 463, 447, 526
220, 141, 426, 361, 548
221, 82, 551, 434, 572
222, 447, 411, 526, 550
223, 341, 304, 474, 517
224, 411, 491, 455, 588
225, 451, 512, 476, 569
226, 433, 419, 493, 516
227, 440, 427, 539, 637
228, 447, 463, 411, 582
229, 80, 594, 102, 600
230, 414, 536, 470, 574
231, 114, 510, 281, 578
232, 422, 447, 463, 526
233, 372, 447, 215, 580
234, 428, 549, 557, 639
235, 430, 410, 482, 573
236, 540, 546, 437, 647
237, 412, 434, 538, 588
238, 73, 452, 501, 514
239, 520, 543, 455, 632
240, 433, 607, 493, 633
241, 470, 574, 536, 609
242, 132, 493, 131, 516
243, 300, 206, 245, 470
244, 414, 574, 470, 609
245, 424, 577, 558, 612
246, 59, 60, 520, 543
247, 117, 578, 508, 591
248, 167, 487, 453, 564
249, 410, 500, 448, 559
250, 308, 401, 530, 595
251, 416, 466, 433, 497
252, 420, 498, 453, 637
253, 2, 438, 531, 586
254, 467, 481, 240, 607
255, 80, 436, 594, 600
256, 283, 502, 282, 514
257, 441, 472, 557, 574
258, 107, 488, 109, 587
259, 80, 436, 214, 521
260, 410, 552, 431, 559
261, 32, 575, 490, 626
262, 261, 340, 460, 554
263, 435, 460, 506, 512
264, 109, 488, 482, 587
265, 434, 455, 491, 588
266, 416, 433, 466, 541
267, 407, 507, 458, 642
268, 407, 445, 461, 547
269, 409, 467, 433, 513
270, 407, 458, 615, 642
271, 414, 470, 453, 609
272, 425, 529, 480, 533
273, 434, 551, 82, 618
274, 75, 73, 282, 452
275, 385, 543, 521, 565
276, 337, 502, 141, 522
277, 422, 447, 526, 629
278, 462, 519, 450, 549
279, 191, 481, 494, 513
280, 68, 501, 314, 521
281, 398, 31, 399, 524
282, 412, 456, 446, 518
283, 425, 449, 529, 533
284, 303, 472, 441, 492
285, 456, 568, 525, 624
286, 467, 516, 134, 522
287, 298, 542, 450, 556
288, 72, 69, 64, 501
289, 438, 586, 23, 617
290, 18, 490, 531, 641
291, 443, 513, 409, 541
292, 390, 192, 388, 553
293, 39, 324, 486, 503
294, 390, 192, 553, 562
295, 460, 503, 265, 598
296, 410, 482, 500, 508
297, 430, 508, 578, 591
298, 228, 500, 482, 508
299, 482, 488, 109, 638
300, 364, 491, 455, 561
301, 452, 502, 426, 625
302, 257, 384, 435, 610
303, 449, 475, 409, 529
304, 440, 492, 472, 631
305, 523, 550, 434, 551
306, 309, 487, 592, 631
307, 214, 436, 80, 600
308, 384, 257, 435, 583
309, 462, 549, 450, 555
310, 450, 519, 462, 555
311, 109, 488, 107, 638
312, 39, 265, 503, 598
313, 510, 578, 114, 591
314, 468, 481, 328, 548
315, 419, 467, 433, 627
316, 265, 460, 340, 503
317, 247, 44, 218, 596
318, 420, 439, 475, 529
319, 401, 308, 581, 595
320, 75, 501, 452, 594
321, 453, 420, 533, 535
322, 409, 433, 467, 627
323, 504, 557, 415, 639
324, 477, 538, 412, 634
325, 418, 438, 496, 538
326, 409, 541, 433, 627
327, 156, 453, 528, 535
328, 485, 559, 437, 563
329, 470, 528, 453, 609
330, 409, 475, 449, 605
331, 192, 443, 388, 553
332, 353, 464, 281, 510
333, 447, 411, 491, 582
334, 131, 493, 132, 589
335, 39, 265, 340, 503
336, 364, 455, 277, 561
337, 463, 469, 411, 582
338, 506, 512, 422, 569
339, 453, 487, 167, 560
340, 453, 470, 414, 560
341, 18, 531, 490, 575
342, 59, 455, 61, 543
343, 164, 489, 464, 545
344, 23, 438, 2, 586
345, 144, 175, 493, 633
346, 451, 465, 408, 517
347, 443, 553, 192, 562
348, 407, 461, 507, 622
349, 445, 461, 415, 549
350, 430, 527, 483, 552
351, 482, 500, 127, 587
352, 146, 329, 442, 530
353, 64, 69, 68, 501
354, 441, 492, 472, 574
355, 433, 416, 497, 570
356, 215, 447, 263, 491
357, 408, 442, 474, 517
358, 156, 453, 159, 528
359, 450, 556, 542, 646
360, 141, 522, 426, 548
361, 353, 464, 510, 545
362, 340, 503, 460, 554
363, 452, 426, 518, 625
364, 382, 524, 441, 599
365, 379, 470, 536, 612
366, 82, 572, 434, 618
367, 425, 443, 480, 529
368, 412, 538, 477, 588
369, 424, 536, 574, 609
370, 410, 500, 431, 552
371, 175, 497, 493, 633
372, 413, 483, 527, 552
373, 179, 206, 300, 560
374, 169, 487, 167, 564
375, 439, 515, 442, 530
376, 179, 487, 492, 560
377, 413, 483, 484, 527
378, 417, 437, 499, 597
379, 430, 552, 410, 573
380, 64, 459, 68, 543
381, 296, 474, 211, 498
382, 425, 541, 466, 553
383, 410, 448, 473, 568
384, 179, 487, 178, 492
385, 272, 511, 451, 537
386, 428, 599, 555, 614
387, 420, 475, 442, 532
388, 137, 481, 467, 548
389, 445, 547, 539, 557
390, 507, 444, 559, 642
391, 146, 530, 442, 604
392, 410, 473, 436, 568
393, 427, 498, 453, 564
394, 438, 418, 496, 641
395, 473, 421, 568, 647
396, 409, 566, 446, 627
397, 473, 565, 421, 647
398, 438, 490, 418, 641
399, 477, 538, 434, 588
400, 339, 440, 309, 592
401, 407, 458, 507, 648
402, 407, 507, 445, 648
403, 455, 411, 546, 561
404, 459, 478, 434, 623
405, 462, 519, 41, 555
406, 214, 521, 436, 600
407, 417, 540, 549, 639
408, 45, 41, 462, 519
409, 428, 504, 567, 639
410, 473, 410, 488, 587
411, 45, 462, 247, 519
412, 179, 492, 206, 560
413, 453, 498, 427, 637
414, 486, 503, 324, 596
415, 539, 547, 415, 557
416, 412, 502, 452, 625
417, 314, 80, 214, 521
418, 263, 215, 372, 447
419, 432, 482, 410, 573
420, 451, 408, 476, 517
421, 367, 556, 450, 619
422, 72, 514, 459, 623
423, 158, 480, 155, 528
424, 450, 542, 524, 646
425, 548, 586, 361, 645
426, 492, 536, 414, 574
427, 225, 101, 500, 579
428, 528, 533, 453, 609
429, 445, 549, 415, 557
430, 158, 528, 287, 553
431, 434, 411, 491, 550
432, 328, 481, 468, 581
433, 445, 454, 539, 547
434, 144, 493, 182, 633
435, 417, 444, 461, 540
436, 141, 361, 362, 548
437, 512, 554, 422, 621
438, 417, 450, 519, 549
439, 191, 366, 481, 513
440, 451, 511, 272, 621
441, 414, 492, 470, 536
442, 263, 491, 447, 551
443, 439, 515, 150, 602
444, 330, 476, 376, 517
445, 2, 438, 23, 641
446, 224, 101, 126, 565
447, 143, 281, 464, 578
448, 461, 526, 547, 640
449, 419, 433, 570, 627
450, 248, 495, 13, 504
451, 461, 547, 415, 640
452, 191, 481, 213, 494
453, 495, 583, 440, 616
454, 127, 111, 228, 482
455, 528, 553, 425, 571
456, 410, 559, 448, 647
457, 66, 437, 56, 563
458, 542, 556, 483, 646
459, 215, 84, 580, 582
460, 66, 56, 437, 620
461, 346, 150, 439, 515
462, 437, 485, 563, 597
463, 416, 433, 541, 570
464, 39, 503, 486, 598
465, 83, 503, 463, 585
466, 206, 245, 470, 536
467, 511, 422, 554, 621
468, 168, 169, 167, 564
469, 480, 528, 425, 533
470, 451, 422, 512, 569
471, 419, 432, 493, 589
472, 355, 554, 511, 580
473, 154, 515, 151, 535
474, 13, 504, 495, 598
475, 341, 442, 474, 604
476, 493, 516, 284, 607
477, 520, 543, 71, 565
478, 437, 417, 499, 540
479, 179, 178, 487, 560
480, 303, 441, 472, 599
481, 408, 442, 517, 593
482, 414, 453, 533, 609
483, 301, 394, 388, 553
484, 175, 142, 493, 603
485, 330, 517, 260, 626
486, 421, 477, 534, 568
487, 248, 495, 504, 616
488, 25, 476, 330, 621
489, 398, 524, 298, 542
490, 232, 502, 478, 617
491, 45, 41, 247, 462
492, 413, 524, 542, 646
493, 303, 492, 441, 536
494, 466, 497, 286, 633
495, 425, 443, 541, 553
496, 39, 324, 38, 486
497, 415, 557, 549, 639
498, 425, 528, 480, 553
499, 408, 476, 506, 569
500, 174, 305, 341, 517
501, 280, 464, 353, 545
502, 450, 42, 519, 555
503, 57, 59, 60, 520
504, 409, 529, 475, 584
505, 273, 523, 511, 537
506, 367, 450, 70, 619
507, 286, 497, 466, 545
508, 476, 506, 435, 613
509, 435, 415, 495, 539
510, 122, 483, 508, 578
511, 319, 364, 277, 561
512, 448, 86, 563, 579
513, 485, 563, 89, 579
514, 454, 475, 420, 532
515, 190, 443, 192, 562
516, 482, 488, 410, 587
517, 408, 465, 451, 636
518, 280, 281, 353, 464
519, 100, 563, 520, 565
520, 466, 541, 443, 553
521, 447, 511, 343, 523
522, 144, 176, 175, 633
523, 421, 546, 477, 568
524, 420, 532, 498, 637
525, 122, 508, 117, 578
526, 86, 89, 563, 579
527, 433, 541, 471, 627
528, 390, 553, 466, 562
529, 473, 488, 436, 600
530, 434, 411, 550, 588
531, 37, 504, 486, 567
532, 20, 567, 555, 614
533, 301, 388, 443, 553
534, 224, 126, 473, 565
535, 384, 435, 610, 611
536, 408, 506, 454, 601
537, 86, 100, 448, 563
538, 37, 504, 13, 598
539, 100, 317, 520, 563
540, 445, 415, 547, 557
541, 417, 461, 444, 507
542, 104, 102, 509, 600
543, 225, 101, 224, 500
544, 181, 466, 198, 489
545, 47, 46, 585, 596
546, 234, 472, 303, 492
547, 132, 131, 235, 516
548, 211, 498, 474, 606
549, 467, 518, 419, 522
550, 164, 464, 280, 545
551, 412, 452, 518, 625
552, 419, 433, 493, 570
553, 408, 506, 476, 613
554, 257, 544, 435, 583
555, 346, 308, 145, 530
556, 410, 525, 432, 573
557, 83, 322, 503, 585
558, 437, 520, 56, 563
559, 489, 609, 571, 612
560, 8, 25, 330, 621
561, 417, 519, 462, 549
562, 139, 329, 530, 575
563, 258, 484, 483, 578
564, 415, 435, 506, 539
565, 526, 550, 457, 629
566, 483, 484, 258, 542
567, 424, 609, 489, 612
568, 190, 301, 192, 443
569, 35, 462, 567, 596
570, 424, 470, 536, 609
571, 425, 466, 541, 590
572, 118, 114, 281, 578
573, 190, 513, 443, 562
574, 319, 277, 455, 561
575, 506, 547, 526, 640
576, 440, 539, 427, 583
577, 261, 262, 340, 554
578, 56, 520, 437, 632
579, 455, 61, 543, 572
580, 422, 451, 512, 621
581, 448, 565, 473, 647
582, 467, 522, 137, 548
583, 131, 516, 509, 576
584, 272, 273, 511, 537
585, 104, 509, 488, 600
586, 475, 529, 439, 584
587, 341, 474, 296, 604
588, 452, 502, 412, 514
589, 427, 440, 583, 592
590, 410, 473, 448, 500
591, 253, 536, 441, 558
592, 216, 134, 467, 516
593, 175, 493, 497, 603
594, 284, 182, 144, 493
595, 419, 493, 432, 570
596, 445, 415, 461, 547
597, 274, 250, 496, 641
598, 410, 448, 568, 647
599, 490, 575, 465, 626
600, 466, 489, 425, 553
601, 98, 511, 447, 580
602, 409, 584, 475, 605
603, 257, 435, 544, 610
604, 159, 528, 453, 560
605, 456, 518, 471, 605
606, 416, 527, 464, 573
607, 198, 466, 212, 553
608, 480, 529, 420, 533
609, 224, 500, 473, 587
610, 448, 473, 568, 647
611, 430, 464, 527, 573
612, 427, 487, 440, 592
613, 437, 620, 56, 632
614, 83, 221, 463, 503
615, 142, 589, 493, 603
616, 416, 464, 510, 573
617, 57, 59, 520, 632
618, 228, 482, 111, 508
619, 141, 136, 522, 548
620, 103, 80, 102, 600
621, 410, 568, 559, 647
622, 445, 557, 414, 574
623, 470, 528, 338, 560
624, 178, 492, 487, 631
625, 430, 578, 510, 591
626, 98, 343, 447, 511
627, 563, 597, 66, 620
628, 158, 287, 289, 553
629, 418, 490, 438, 608
630, 422, 463, 447, 580
631, 524, 555, 428, 599
632, 147, 530, 146, 604
633, 500, 508, 431, 552
634, 409, 566, 468, 584
635, 430, 510, 464, 573
636, 557, 574, 445, 628
637, 428, 567, 549, 639
638, 471, 605, 518, 627
639, 379, 536, 244, 612
640, 413, 542, 483, 646
641, 410, 444, 559, 568
642, 408, 454, 506, 613
643, 412, 514, 459, 534
644, 174, 146, 329, 442
645, 43, 35, 462, 567
646, 337, 282, 283, 502
647, 191, 494, 190, 513
648, 24, 575, 32, 626
649, 43, 462, 35, 596
650, 459, 514, 501, 534
651, 415, 549, 461, 639
652, 440, 495, 415, 539
653, 2, 3, 531, 641
654, 143, 464, 577, 578
655, 490, 274, 537, 641
656, 338, 528, 186, 560
657, 452, 419, 518, 522
658, 45, 41, 519, 555
659, 417, 499, 462, 519
660, 86, 448, 101, 579
661, 9, 476, 25, 621
662, 5, 32, 490, 626
663, 466, 489, 181, 545
664, 136, 137, 522, 548
665, 421, 534, 477, 588
666, 210, 260, 517, 626
667, 463, 447, 580, 582
668, 421, 521, 473, 568
669, 435, 512, 476, 610
670, 154, 151, 153, 535
671, 423, 475, 446, 505
672, 498, 532, 427, 637
673, 487, 492, 440, 631
674, 64, 68, 62, 543
675, 473, 521, 436, 568
676, 191, 366, 213, 481
677, 433, 513, 443, 541
678, 453, 498, 420, 535
679, 408, 569, 506, 601
680, 454, 420, 533, 637
681, 438, 617, 23, 641
682, 406, 213, 366, 481
683, 507, 552, 458, 642
684, 9, 512, 476, 621
685, 37, 486, 504, 598
686, 423, 505, 446, 608
687, 192, 301, 388, 443
688, 409, 471, 449, 541
689, 272, 537, 451, 626
690, 212, 198, 181, 466
691, 341, 305, 304, 517
692, 401, 581, 371, 595
693, 420, 498, 442, 604
694, 100, 448, 563, 565
695, 409, 446, 566, 584
696, 425, 489, 466, 590
697, 98, 447, 372, 580
698, 134, 137, 467, 522
699, 476, 512, 451, 621
700, 232, 334, 502, 617
701, 278, 508, 111, 591
702, 419, 432, 525, 570
703, 439, 409, 494, 581
704, 35, 567, 486, 596
705, 506, 415, 547, 640
706, 325, 480, 158, 553
707, 19, 512, 355, 554
708, 437, 563, 559, 647
709, 408, 474, 442, 532
710, 449, 471, 409, 605
711, 418, 438, 538, 608
712, 101, 86, 100, 448
713, 137, 239, 481, 548
714, 472, 492, 234, 631
715, 166, 159, 156, 453
716, 415, 495, 440, 557
717, 506, 547, 454, 601
718, 30, 272, 511, 621
719, 460, 422, 506, 512
720, 164, 161, 280, 464
721, 62, 61, 63, 572
722, 59, 61, 60, 543
723, 439, 409, 581, 584
724, 7, 451, 272, 621
725, 571, 609, 470, 612
726, 434, 538, 477, 550
727, 384, 583, 435, 611
728, 62, 543, 61, 572
729, 456, 446, 518, 605
730, 355, 512, 271, 621
731, 415, 440, 539, 557
732, 205, 468, 328, 548
733, 467, 516, 433, 607
734, 215, 84, 94, 580
735, 341, 211, 296, 474
736, 355, 511, 326, 580
737, 419, 509, 493, 516
738, 477, 546, 444, 568
739, 462, 549, 567, 639
740, 424, 470, 609, 612
741, 208, 198, 553, 571
742, 462, 499, 429, 596
743, 326, 511, 355, 621
744, 210, 517, 465, 626
745, 540, 546, 444, 622
746, 179, 170, 178, 560
747, 59, 277, 61, 455
748, 419, 471, 456, 518
749, 420, 475, 449, 529
750, 530, 584, 439, 595
751, 117, 508, 278, 591
752, 293, 294, 498, 564
753, 410, 559, 444, 642
754, 464, 510, 430, 578
755, 154, 155, 480, 535
756, 111, 508, 482, 591
757, 411, 546, 540, 622
758, 24, 465, 575, 626
759, 412, 478, 459, 514
760, 420, 442, 515, 604
761, 152, 535, 515, 604
762, 152, 498, 535, 604
763, 481, 513, 240, 607
764, 156, 166, 453, 535
765, 408, 532, 475, 601
766, 469, 582, 463, 585
767, 506, 569, 547, 601
768, 64, 62, 459, 543
769, 425, 553, 489, 571
770, 380, 344, 232, 514
771, 68, 521, 352, 543
772, 325, 158, 290, 553
773, 409, 471, 541, 627
774, 559, 568, 444, 647
775, 463, 580, 84, 582
776, 454, 532, 420, 637
777, 454, 539, 506, 613
778, 419, 518, 467, 627
779, 424, 590, 489, 609
780, 436, 521, 534, 568
781, 100, 101, 448, 565
782, 457, 547, 569, 601
783, 335, 141, 502, 586
784, 330, 260, 259, 626
785, 253, 441, 303, 599
786, 423, 584, 530, 595
787, 421, 534, 521, 568
788, 90, 82, 276, 551
789, 143, 118, 281, 578
790, 438, 496, 478, 617
791, 159, 453, 167, 560
792, 61, 455, 277, 572
793, 416, 464, 489, 545
794, 428, 472, 441, 599
795, 448, 500, 431, 559
796, 125, 483, 542, 556
797, 487, 564, 169, 592
798, 213, 494, 481, 581
799, 83, 322, 221, 503
800, 453, 528, 470, 560
801, 463, 503, 221, 554
802, 408, 454, 532, 601
803, 73, 75, 74, 501
804, 268, 476, 9, 610
805, 272, 451, 7, 626
806, 457, 526, 506, 547
807, 100, 520, 317, 565
808, 157, 156, 159, 528
809, 14, 248, 13, 504
810, 164, 163, 161, 612
811, 409, 443, 494, 513
812, 407, 445, 630, 648
813, 183, 187, 562, 633
814, 294, 535, 498, 564
815, 424, 464, 489, 590
816, 39, 486, 38, 598
817, 419, 522, 452, 576
818, 408, 451, 476, 569
819, 335, 361, 141, 586
820, 187, 607, 562, 633
821, 416, 489, 464, 590
822, 461, 549, 540, 639
823, 539, 427, 583, 613
824, 420, 442, 498, 532
825, 78, 452, 337, 522
826, 358, 293, 294, 498
827, 542, 558, 524, 643
828, 426, 518, 467, 522
829, 457, 547, 506, 569
830, 442, 530, 465, 593
831, 437, 563, 66, 620
832, 105, 488, 104, 509
833, 476, 512, 9, 610
834, 447, 523, 343, 551
835, 210, 259, 260, 626
836, 434, 491, 455, 572
837, 236, 198, 212, 553
838, 488, 587, 107, 600
839, 424, 527, 464, 590
840, 230, 203, 494, 602
841, 137, 467, 240, 607
842, 366, 240, 481, 513
843, 401, 308, 371, 581
844, 477, 546, 421, 588
845, 74, 501, 75, 594
846, 407, 456, 622, 642
847, 456, 477, 444, 568
848, 178, 193, 492, 631
849, 444, 477, 456, 622
850, 37, 14, 13, 504
851, 112, 278, 111, 591
852, 7, 451, 330, 626
853, 382, 542, 256, 558
854, 379, 244, 165, 612
855, 37, 33, 504, 567
856, 422, 463, 554, 640
857, 409, 481, 467, 513
858, 407, 622, 456, 634
859, 411, 461, 526, 622
860, 179, 178, 193, 492
861, 412, 452, 534, 624
862, 504, 486, 567, 639
863, 261, 460, 10, 512
864, 157, 158, 155, 528
865, 276, 491, 264, 551
866, 296, 498, 211, 606
867, 423, 446, 475, 584
868, 463, 503, 554, 640
869, 417, 450, 549, 646
870, 18, 4, 490, 641
871, 342, 272, 273, 511
872, 411, 526, 457, 622
873, 461, 540, 444, 622
874, 330, 451, 7, 621
875, 344, 478, 232, 514
876, 343, 511, 342, 523
877, 416, 489, 466, 545
878, 122, 120, 483, 578
879, 404, 284, 516, 607
880, 169, 564, 168, 592
881, 473, 521, 421, 565
882, 9, 268, 25, 476
883, 456, 534, 477, 568
884, 310, 107, 587, 600
885, 549, 557, 445, 628
886, 446, 605, 456, 634
887, 191, 203, 190, 494
888, 43, 462, 34, 567
889, 414, 470, 492, 560
890, 433, 516, 493, 607
891, 419, 471, 518, 627
892, 321, 499, 469, 620
893, 370, 500, 508, 635
894, 425, 449, 533, 590
895, 428, 557, 549, 628
896, 38, 486, 324, 596
897, 449, 475, 454, 601
898, 10, 512, 460, 611
899, 75, 452, 78, 576
900, 495, 539, 440, 583
901, 486, 567, 462, 596
902, 435, 539, 495, 583
903, 468, 439, 584, 595
904, 224, 126, 378, 473
905, 425, 480, 443, 553
906, 468, 481, 409, 581
907, 98, 343, 372, 447
908, 167, 453, 166, 564
909, 141, 362, 136, 548
910, 359, 496, 299, 523
911, 355, 326, 97, 580
912, 316, 68, 352, 543
913, 299, 551, 523, 618
914, 18, 490, 4, 575
915, 412, 477, 456, 534
916, 108, 109, 107, 638
917, 257, 610, 544, 644
918, 170, 487, 178, 560
919, 533, 590, 449, 609
920, 419, 493, 509, 589
921, 422, 506, 457, 526
922, 474, 476, 408, 517
923, 411, 540, 461, 622
924, 456, 622, 477, 634
925, 348, 516, 131, 576
926, 416, 466, 489, 590
927, 100, 67, 317, 563
928, 276, 264, 90, 551
929, 64, 62, 63, 459
930, 275, 519, 499, 597
931, 289, 208, 553, 571
932, 154, 153, 155, 535
933, 330, 25, 376, 476
934, 370, 579, 500, 635
935, 151, 515, 154, 602
936, 544, 583, 427, 613
937, 410, 552, 458, 573
938, 468, 581, 409, 584
939, 346, 150, 307, 439
940, 73, 501, 72, 514
941, 187, 183, 182, 633
942, 103, 214, 80, 600
943, 174, 146, 442, 604
944, 1, 17, 356, 599
945, 68, 314, 352, 521
946, 167, 487, 169, 560
947, 441, 524, 558, 643
948, 449, 425, 541, 590
949, 471, 570, 433, 627
950, 286, 497, 200, 633
951, 426, 452, 518, 522
952, 273, 342, 511, 523
953, 105, 104, 102, 509
954, 14, 248, 504, 616
955, 531, 575, 135, 595
956, 45, 519, 42, 555
957, 37, 486, 35, 567
958, 475, 532, 454, 601
959, 439, 494, 409, 529
960, 34, 462, 41, 555
961, 452, 576, 75, 594
962, 75, 282, 78, 452
963, 496, 617, 96, 618
964, 471, 525, 456, 642
965, 34, 462, 555, 567
966, 195, 206, 492, 536
967, 277, 59, 319, 455
968, 437, 597, 563, 620
969, 444, 622, 456, 642
970, 448, 431, 500, 579
971, 409, 529, 443, 541
972, 271, 355, 19, 512
973, 372, 343, 263, 447
974, 258, 483, 120, 578
975, 229, 589, 142, 603
976, 263, 447, 343, 551
977, 462, 549, 428, 567
978, 429, 499, 469, 585
979, 205, 328, 392, 548
980, 331, 450, 367, 556
981, 425, 590, 533, 609
982, 478, 96, 617, 618
983, 187, 182, 607, 633
984, 416, 510, 497, 573
985, 414, 479, 533, 630
986, 384, 306, 257, 583
987, 457, 526, 411, 550
988, 421, 520, 455, 546
989, 370, 500, 228, 508
990, 45, 42, 41, 555
991, 419, 516, 467, 522
992, 78, 282, 337, 452
993, 432, 482, 573, 591
994, 372, 215, 94, 580
995, 456, 471, 419, 525
996, 166, 167, 159, 453
997, 299, 359, 250, 496
998, 409, 449, 529, 541
999, 233, 485, 519, 597
1000, 409, 446, 584, 605
1001, 408, 476, 474, 613
1002, 449, 601, 454, 630
1003, 414, 630, 533, 637
1004, 441, 428, 524, 628
1005, 407, 547, 461, 622
1006, 209, 465, 329, 575
1007, 422, 526, 463, 640
1008, 435, 539, 583, 613
1009, 327, 497, 510, 603
1010, 426, 467, 518, 627
1011, 407, 456, 605, 634
1012, 233, 519, 222, 597
1013, 453, 414, 487, 560
1014, 423, 584, 475, 593
1015, 316, 385, 71, 543
1016, 497, 510, 432, 573
1017, 43, 34, 35, 567
1018, 7, 272, 30, 621
1019, 464, 430, 527, 578
1020, 120, 258, 123, 483
1021, 181, 489, 164, 545
1022, 409, 494, 443, 529
1023, 5, 490, 274, 537
1024, 437, 540, 499, 620
1025, 73, 69, 72, 501
1026, 438, 502, 478, 625
1027, 460, 598, 265, 611
1028, 439, 468, 581, 595
1029, 327, 510, 497, 545
1030, 82, 572, 618, 623
1031, 12, 265, 598, 611
1032, 518, 605, 446, 627
1033, 171, 169, 168, 592
1034, 411, 469, 561, 582
1035, 479, 449, 590, 609
1036, 310, 107, 292, 587
1037, 166, 453, 535, 564
1038, 555, 567, 428, 614
1039, 307, 439, 150, 602
1040, 495, 504, 440, 557
1041, 265, 261, 340, 460
1042, 93, 463, 221, 554
1043, 428, 450, 549, 555
1044, 464, 527, 484, 578
1045, 5, 24, 32, 626
1046, 326, 355, 271, 621
1047, 441, 536, 492, 574
1048, 319, 455, 59, 632
1049, 38, 324, 40, 596
1050, 411, 457, 477, 622
1051, 455, 546, 520, 632
1052, 448, 559, 563, 647
1053, 471, 573, 525, 615
1054, 416, 464, 527, 590
1055, 307, 494, 439, 602
1056, 275, 247, 218, 499
1057, 417, 540, 461, 549
1058, 489, 590, 571, 609
1059, 174, 442, 341, 604
1060, 299, 523, 496, 618
1061, 449, 605, 601, 630
1062, 418, 523, 496, 537
1063, 216, 134, 137, 467
1064, 454, 547, 445, 630
1065, 458, 407, 615, 630
1066, 248, 381, 495, 616
1067, 18, 531, 3, 641
1068, 511, 537, 523, 629
1069, 115, 131, 132, 589
1070, 418, 457, 505, 538
1071, 77, 75, 78, 576
1072, 439, 529, 420, 602
1073, 306, 544, 257, 583
1074, 348, 235, 131, 516
1075, 336, 499, 318, 597
1076, 518, 566, 446, 625
1077, 426, 566, 518, 625
1078, 96, 95, 496, 618
1079, 49, 50, 51, 469
1080, 307, 439, 494, 581
1081, 442, 498, 474, 604
1082, 552, 559, 507, 646
1083, 533, 630, 454, 637
1084, 502, 586, 438, 617
1085, 200, 497, 286, 545
1086, 380, 232, 334, 502
1087, 74, 80, 501, 594
1088, 465, 517, 442, 593
1089, 419, 570, 471, 627
1090, 331, 70, 367, 450
1091, 247, 462, 43, 596
1092, 416, 573, 471, 615
1093, 481, 494, 409, 581
1094, 311, 338, 186, 560
1095, 411, 455, 491, 561
1096, 257, 544, 226, 644
1097, 439, 420, 515, 602
1098, 409, 494, 481, 513
1099, 504, 567, 33, 614
1100, 208, 198, 289, 553
1101, 444, 568, 410, 642
1102, 308, 401, 145, 530
1103, 488, 509, 105, 589
1104, 117, 114, 578, 591
1105, 465, 517, 451, 626
1106, 338, 470, 288, 528
1107, 499, 540, 469, 620
1108, 147, 346, 145, 530
1109, 424, 489, 464, 612
1110, 314, 74, 80, 501
1111, 354, 577, 162, 612
1112, 50, 51, 469, 582
1113, 433, 497, 466, 633
1114, 415, 504, 495, 557
1115, 434, 550, 491, 551
1116, 455, 520, 421, 543
1117, 416, 570, 471, 573
1118, 378, 231, 219, 473
1119, 411, 477, 457, 550
1120, 408, 532, 442, 593
1121, 219, 473, 231, 521
1122, 152, 393, 358, 604
1123, 120, 123, 122, 483
1124, 449, 454, 533, 630
1125, 49, 50, 469, 585
1126, 75, 576, 77, 594
1127, 452, 522, 78, 576
1128, 407, 445, 547, 630
1129, 11, 10, 261, 460
1130, 233, 519, 485, 619
1131, 411, 561, 491, 582
1132, 422, 526, 457, 629
1133, 274, 490, 4, 641
1134, 501, 534, 452, 624
1135, 420, 529, 449, 533
1136, 525, 573, 458, 615
1137, 166, 535, 294, 564
1138, 427, 487, 453, 637
1139, 286, 466, 181, 545
1140, 520, 546, 437, 632
1141, 412, 477, 534, 588
1142, 315, 589, 229, 603
1143, 331, 42, 450, 555
1144, 407, 630, 458, 648
1145, 453, 487, 427, 564
1146, 473, 521, 219, 600
1147, 14, 37, 33, 504
1148, 378, 473, 126, 565
1149, 403, 562, 466, 633
1150, 399, 331, 450, 555
1151, 408, 475, 593, 601
1152, 58, 395, 491, 582
1153, 370, 363, 579, 635
1154, 280, 143, 281, 464
1155, 432, 570, 497, 573
1156, 428, 549, 450, 628
1157, 497, 570, 416, 573
1158, 252, 536, 253, 558
1159, 371, 581, 468, 595
1160, 437, 469, 540, 620
1161, 318, 597, 499, 620
1162, 64, 459, 63, 623
1163, 521, 543, 421, 565
1164, 105, 509, 131, 589
1165, 10, 460, 11, 611
1166, 449, 533, 479, 630
1167, 52, 469, 51, 561
1168, 424, 536, 470, 612
1169, 482, 430, 573, 591
1170, 478, 502, 412, 625
1171, 108, 107, 488, 638
1172, 411, 526, 461, 540
1173, 50, 582, 469, 585
1174, 409, 439, 529, 584
1175, 311, 159, 167, 560
1176, 447, 550, 523, 551
1177, 258, 123, 483, 542
1178, 520, 421, 543, 565
1179, 415, 506, 460, 640
1180, 53, 52, 51, 561
1181, 208, 489, 198, 571
1182, 448, 563, 520, 647
1183, 45, 247, 275, 519
1184, 242, 339, 381, 616
1185, 478, 617, 496, 618
1186, 49, 52, 321, 469
1187, 344, 478, 514, 623
1188, 404, 345, 284, 607
1189, 134, 136, 137, 522
1190, 66, 54, 56, 620
1191, 333, 23, 586, 617
1192, 435, 583, 544, 613
1193, 346, 307, 308, 439
1194, 412, 534, 459, 588
1195, 230, 243, 203, 602
1196, 491, 550, 447, 551
1197, 390, 466, 403, 562
1198, 382, 269, 524, 599
1199, 91, 523, 299, 551
1200, 304, 517, 387, 644
1201, 190, 188, 513, 562
1202, 346, 147, 150, 515
1203, 122, 508, 483, 635
1204, 475, 584, 446, 605
1205, 358, 498, 294, 535
1206, 499, 597, 437, 620
1207, 132, 284, 493, 516
1208, 358, 152, 498, 535
1209, 461, 415, 639, 640
1210, 144, 175, 142, 493
1211, 321, 469, 52, 620
1212, 414, 453, 487, 637
1213, 382, 253, 441, 558
1214, 447, 491, 411, 550
1215, 409, 446, 605, 627
1216, 70, 519, 233, 619
1217, 255, 558, 484, 577
1218, 414, 492, 487, 560
1219, 239, 366, 240, 481
1220, 361, 362, 548, 645
1221, 417, 549, 507, 646
1222, 170, 167, 169, 560
1223, 435, 495, 460, 611
1224, 105, 106, 488, 589
1225, 463, 582, 83, 585
1226, 469, 561, 52, 620
1227, 399, 31, 383, 555
1228, 479, 533, 449, 609
1229, 408, 593, 505, 601
1230, 96, 496, 95, 617
1231, 436, 521, 501, 534
1232, 331, 298, 399, 450
1233, 417, 507, 444, 559
1234, 315, 589, 603, 638
1235, 288, 528, 470, 571
1236, 424, 464, 577, 612
1237, 195, 207, 206, 536
1238, 10, 610, 512, 611
1239, 286, 212, 181, 466
1240, 515, 535, 498, 604
1241, 419, 516, 522, 576
1242, 121, 143, 577, 578
1243, 457, 506, 422, 569
1244, 478, 496, 434, 618
1245, 4, 490, 32, 575
1246, 448, 563, 485, 579
1247, 426, 586, 548, 645
1248, 466, 553, 443, 562
1249, 484, 577, 464, 578
1250, 54, 56, 620, 632
1251, 431, 448, 559, 579
1252, 232, 332, 334, 617
1253, 221, 93, 83, 463
1254, 476, 474, 613, 644
1255, 31, 356, 555, 599
1256, 151, 515, 152, 535
1257, 88, 551, 299, 618
1258, 416, 510, 464, 545
1259, 520, 563, 437, 647
1260, 471, 570, 525, 573
1261, 53, 52, 561, 620
1262, 176, 144, 182, 633
1263, 315, 142, 229, 589
1264, 399, 383, 331, 555
1265, 122, 483, 124, 635
1266, 15, 14, 33, 614
1267, 562, 607, 433, 633
1268, 422, 512, 460, 554
1269, 459, 514, 478, 623
1270, 12, 11, 265, 611
1271, 14, 504, 33, 614
1272, 513, 562, 187, 607
1273, 476, 517, 474, 644
1274, 453, 533, 420, 637
1275, 173, 354, 558, 577
1276, 430, 508, 483, 578
1277, 164, 280, 217, 545
1278, 423, 468, 584, 595
1279, 458, 630, 615, 648
1280, 224, 377, 369, 587
1281, 124, 483, 125, 556
1282, 423, 531, 490, 608
1283, 490, 531, 438, 608
1284, 117, 278, 112, 591
1285, 333, 23, 2, 586
1286, 115, 105, 131, 589
1287, 96, 478, 87, 618
1288, 50, 83, 582, 585
1289, 99, 87, 96, 478
1290, 379, 571, 470, 612
1291, 319, 561, 455, 632
1292, 441, 628, 524, 643
1293, 295, 498, 296, 606
1294, 475, 601, 449, 605
1295, 86, 302, 89, 579
1296, 463, 526, 503, 640
1297, 43, 41, 34, 462
1298, 442, 532, 475, 593
1299, 378, 231, 473, 565
1300, 432, 573, 510, 591
1301, 418, 457, 538, 550
1302, 450, 628, 549, 646
1303, 84, 83, 463, 582
1304, 490, 537, 5, 626
1305, 64, 63, 297, 623
1306, 408, 505, 569, 601
1307, 375, 134, 516, 522
1308, 477, 550, 411, 588
1309, 152, 358, 498, 604
1310, 422, 460, 506, 640
1311, 408, 517, 465, 593
1312, 264, 215, 263, 491
1313, 412, 518, 452, 624
1314, 408, 475, 532, 593
1315, 295, 296, 211, 606
1316, 375, 522, 516, 576
1317, 420, 515, 498, 604
1318, 415, 504, 486, 598
1319, 520, 563, 448, 565
1320, 441, 524, 428, 599
1321, 11, 460, 265, 611
1322, 530, 138, 575, 595
1323, 170, 169, 487, 560
1324, 414, 445, 574, 630
1325, 438, 531, 490, 641
1326, 248, 381, 26, 495
1327, 68, 69, 314, 501
1328, 469, 499, 429, 540
1329, 245, 338, 300, 470
1330, 458, 527, 430, 552
1331, 421, 455, 543, 588
1332, 433, 443, 513, 562
1333, 87, 478, 99, 623
1334, 410, 458, 525, 573
1335, 87, 618, 478, 623
1336, 231, 521, 473, 565
1337, 430, 527, 458, 573
1338, 574, 628, 441, 643
1339, 143, 464, 161, 577
1340, 457, 461, 526, 547
1341, 137, 216, 467, 607
1342, 132, 235, 284, 516
1343, 355, 97, 554, 580
1344, 467, 513, 481, 607
1345, 429, 503, 486, 596
1346, 336, 321, 318, 499
1347, 121, 577, 484, 578
1348, 353, 510, 327, 545
1349, 79, 282, 73, 514
1350, 195, 234, 303, 492
1351, 135, 531, 18, 575
1352, 258, 130, 123, 542
1353, 330, 376, 260, 517
1354, 435, 476, 613, 644
1355, 193, 234, 492, 631
1356, 143, 280, 161, 464
1357, 416, 541, 466, 590
1358, 412, 456, 518, 534
1359, 415, 495, 504, 598
1360, 443, 433, 541, 562
1361, 474, 544, 202, 606
1362, 164, 489, 163, 612
1363, 155, 158, 325, 480
1364, 124, 483, 556, 635
1365, 498, 535, 453, 564
1366, 8, 9, 25, 621
1367, 457, 526, 461, 622
1368, 375, 116, 522, 576
1369, 571, 590, 425, 609
1370, 454, 532, 427, 613
1371, 195, 193, 234, 492
1372, 493, 589, 432, 603
1373, 425, 533, 528, 609
1374, 140, 371, 468, 595
1375, 433, 513, 467, 607
1376, 455, 546, 411, 588
1377, 85, 66, 563, 597
1378, 505, 593, 475, 601
1379, 451, 537, 511, 629
1380, 423, 490, 465, 636
1381, 227, 304, 387, 644
1382, 414, 533, 479, 609
1383, 376, 517, 476, 644
1384, 434, 550, 477, 588
1385, 436, 568, 534, 624
1386, 440, 504, 495, 616
1387, 104, 105, 106, 488
1388, 47, 321, 218, 499
1389, 122, 123, 124, 483
1390, 422, 580, 447, 629
1391, 264, 491, 263, 551
1392, 180, 489, 208, 571
1393, 410, 525, 458, 642
1394, 408, 532, 454, 613
1395, 43, 247, 41, 462
1396, 406, 366, 239, 481
1397, 452, 518, 419, 624
1398, 462, 567, 486, 639
1399, 478, 412, 502, 514
1400, 490, 531, 423, 575
1401, 412, 518, 446, 625
1402, 455, 572, 543, 588
1403, 370, 129, 363, 635
1404, 461, 639, 526, 640
1405, 88, 91, 299, 551
1406, 430, 458, 552, 573
1407, 321, 318, 499, 620
1408, 285, 286, 200, 633
1409, 307, 308, 439, 581
1410, 216, 516, 467, 607
1411, 406, 328, 213, 481
1412, 369, 127, 228, 500
1413, 84, 50, 83, 582
1414, 473, 587, 488, 600
1415, 327, 313, 497, 603
1416, 474, 498, 442, 532
1417, 454, 427, 539, 613
1418, 98, 342, 343, 511
1419, 338, 288, 186, 528
1420, 466, 497, 416, 545
1421, 124, 123, 125, 483
1422, 601, 605, 407, 630
1423, 140, 595, 468, 645
1424, 348, 131, 279, 509
1425, 208, 180, 198, 489
1426, 357, 472, 234, 631
1427, 82, 81, 572, 623
1428, 466, 541, 433, 562
1429, 445, 507, 461, 549
1430, 113, 373, 510, 603
1431, 424, 527, 484, 577
1432, 464, 527, 424, 577
1433, 418, 550, 523, 629
1434, 174, 148, 146, 604
1435, 418, 505, 457, 569
1436, 523, 550, 447, 629
1437, 39, 374, 324, 503
1438, 327, 497, 200, 545
1439, 137, 196, 239, 548
1440, 348, 131, 509, 576
1441, 474, 517, 304, 644
1442, 58, 395, 364, 491
1443, 108, 488, 106, 638
1444, 293, 358, 295, 498
1445, 33, 37, 35, 567
1446, 464, 484, 527, 577
1447, 426, 522, 467, 548
1448, 460, 422, 554, 640
1449, 427, 454, 539, 637
1450, 356, 555, 599, 614
1451, 127, 109, 111, 482
1452, 425, 528, 470, 609
1453, 489, 571, 180, 612
1454, 422, 511, 451, 621
1455, 543, 572, 459, 588
1456, 84, 463, 93, 580
1457, 146, 139, 329, 530
1458, 233, 312, 485, 597
1459, 470, 528, 425, 571
1460, 465, 408, 593, 636
1461, 423, 566, 446, 584
1462, 215, 491, 395, 582
1463, 139, 209, 329, 575
1464, 188, 187, 513, 562
1465, 477, 546, 411, 622
1466, 488, 589, 106, 638
1467, 424, 574, 536, 643
1468, 333, 586, 502, 617
1469, 478, 502, 438, 617
1470, 416, 497, 510, 545
1471, 190, 192, 188, 562
1472, 117, 122, 278, 508
1473, 465, 490, 423, 575
1474, 443, 480, 529, 602
1475, 338, 300, 470, 560
1476, 185, 202, 544, 606
1477, 348, 509, 279, 576
1478, 381, 267, 495, 583
1479, 427, 532, 454, 637
1480, 270, 472, 357, 616
1481, 415, 539, 506, 547
1482, 534, 568, 456, 624
1483, 109, 482, 127, 587
1484, 408, 451, 569, 636
1485, 1, 382, 524, 542
1486, 518, 534, 456, 624
1487, 222, 519, 386, 597
1488, 435, 613, 544, 644
1489, 224, 473, 360, 587
1490, 370, 508, 347, 635
1491, 357, 616, 472, 631
1492, 85, 92, 66, 597
1493, 437, 561, 469, 620
1494, 390, 403, 323, 562
1495, 415, 460, 495, 598
1496, 410, 500, 482, 587
1497, 205, 468, 371, 581
1498, 396, 205, 371, 581
1499, 283, 282, 79, 514
1500, 323, 562, 403, 633
1501, 58, 491, 561, 582
1502, 175, 229, 142, 603
1503, 202, 544, 474, 644
1504, 429, 486, 503, 640
1505, 457, 505, 538, 634
1506, 421, 459, 534, 588
1507, 140, 371, 205, 468
1508, 166, 294, 293, 564
1509, 422, 506, 526, 640
1510, 410, 458, 552, 642
1511, 425, 571, 489, 590
1512, 100, 126, 101, 565
1513, 151, 152, 153, 535
1514, 327, 510, 313, 603
1515, 122, 117, 120, 578
1516, 275, 386, 222, 519
1517, 86, 101, 302, 579
1518, 413, 484, 483, 542
1519, 180, 163, 164, 489
1520, 233, 222, 312, 597
1521, 385, 350, 71, 565
1522, 125, 542, 298, 556
1523, 252, 207, 253, 536
1524, 223, 331, 367, 556
1525, 354, 536, 252, 558
1526, 107, 106, 108, 488
1527, 412, 534, 518, 624
1528, 432, 488, 482, 638
1529, 343, 523, 91, 551
1530, 4, 274, 5, 490
1531, 275, 386, 519, 597
1532, 431, 508, 483, 552
1533, 71, 520, 60, 543
1534, 67, 66, 56, 563
1535, 82, 618, 81, 623
1536, 477, 550, 538, 634
1537, 375, 116, 134, 522
1538, 477, 457, 550, 634
1539, 538, 550, 457, 634
1540, 140, 468, 205, 645
1541, 407, 605, 615, 630
1542, 202, 211, 474, 606
1543, 470, 571, 425, 609
1544, 448, 559, 485, 563
1545, 360, 224, 378, 473
1546, 423, 446, 566, 608
1547, 444, 507, 461, 622
1548, 428, 524, 450, 555
1549, 451, 418, 537, 629
1550, 476, 435, 610, 644
1551, 412, 446, 538, 625
1552, 449, 615, 605, 630
1553, 506, 539, 454, 547
1554, 31, 524, 1, 599
1555, 413, 524, 628, 643
1556, 18, 4, 32, 575
1557, 544, 583, 184, 592
1558, 221, 503, 340, 554
1559, 167, 166, 168, 564
1560, 201, 226, 257, 544
1561, 443, 529, 494, 602
1562, 432, 497, 493, 603
1563, 358, 294, 152, 535
1564, 107, 109, 292, 587
1565, 458, 527, 416, 573
1566, 217, 280, 353, 545
1567, 456, 525, 419, 624
1568, 422, 511, 580, 629
1569, 403, 390, 212, 466
1570, 498, 515, 420, 535
1571, 2, 23, 3, 641
1572, 544, 610, 435, 644
1573, 410, 473, 500, 587
1574, 310, 587, 360, 600
1575, 448, 520, 565, 647
1576, 380, 502, 283, 514
1577, 523, 537, 418, 629
1578, 428, 450, 524, 628
1579, 224, 369, 500, 587
1580, 191, 213, 204, 494
1581, 376, 476, 391, 644
1582, 437, 546, 520, 647
1583, 276, 364, 264, 491
1584, 111, 482, 110, 591
1585, 47, 46, 48, 585
1586, 422, 451, 511, 629
1587, 315, 603, 229, 638
1588, 370, 228, 347, 508
1589, 19, 355, 262, 554
1590, 249, 496, 250, 641
1591, 29, 504, 614, 616
1592, 113, 349, 373, 603
1593, 421, 520, 546, 647
1594, 8, 330, 7, 621
1595, 323, 403, 285, 633
1596, 416, 527, 458, 615
1597, 381, 267, 26, 495
1598, 461, 526, 429, 540
1599, 307, 230, 494, 602
1600, 536, 574, 441, 643
1601, 460, 554, 503, 640
1602, 361, 237, 362, 645
1603, 243, 154, 480, 602
1604, 243, 325, 394, 480
1605, 446, 505, 475, 601
1606, 291, 180, 571, 612
1607, 431, 559, 552, 646
1608, 418, 569, 457, 629
1609, 360, 587, 473, 600
1610, 99, 478, 344, 623
1611, 423, 465, 593, 636
1612, 461, 540, 429, 639
1613, 205, 468, 548, 645
1614, 249, 96, 95, 617
1615, 429, 639, 486, 640
1616, 255, 542, 484, 558
1617, 415, 486, 504, 639
1618, 499, 519, 417, 597
1619, 493, 497, 433, 633
1620, 173, 558, 255, 577
1621, 12, 13, 495, 598
1622, 324, 374, 322, 503
1623, 85, 563, 485, 597
1624, 219, 521, 214, 600
1625, 488, 509, 436, 600
1626, 113, 603, 591, 638
1627, 427, 498, 474, 532
1628, 376, 25, 391, 476
1629, 249, 95, 496, 617
1630, 179, 195, 206, 492
1631, 418, 451, 537, 636
1632, 411, 546, 477, 588
1633, 471, 541, 433, 570
1634, 421, 543, 459, 588
1635, 175, 176, 200, 633
1636, 219, 360, 473, 600
1637, 209, 24, 465, 575
1638, 273, 343, 342, 523
1639, 474, 498, 427, 606
1640, 175, 200, 497, 633
1641, 402, 485, 89, 579
1642, 78, 337, 119, 522
1643, 549, 628, 507, 646
1644, 416, 590, 527, 615
1645, 340, 374, 39, 503
1646, 328, 481, 239, 548
1647, 65, 276, 82, 572
1648, 228, 370, 369, 500
1649, 452, 419, 576, 624
1650, 261, 265, 11, 460
1651, 509, 516, 419, 576
1652, 204, 494, 213, 581
1653, 486, 598, 503, 640
1654, 417, 461, 507, 549
1655, 486, 415, 598, 640
1656, 475, 505, 423, 593
1657, 403, 212, 286, 466
1658, 163, 489, 180, 612
1659, 463, 554, 93, 580
1660, 369, 225, 224, 500
1661, 113, 510, 591, 603
1662, 443, 541, 466, 562
1663, 182, 284, 345, 607
1664, 268, 391, 476, 610
1665, 382, 397, 256, 542
1666, 459, 572, 63, 623
1667, 133, 135, 575, 595
1668, 414, 574, 479, 630
1669, 561, 620, 437, 632
1670, 270, 614, 472, 616
1671, 422, 511, 554, 580
1672, 170, 169, 178, 487
1673, 421, 546, 568, 647
1674, 444, 568, 546, 647
1675, 457, 569, 505, 601
1676, 391, 25, 268, 476
1677, 356, 20, 555, 614
1678, 6, 537, 272, 626
1679, 202, 185, 211, 606
1680, 422, 554, 463, 580
1681, 117, 114, 118, 578
1682, 495, 583, 267, 611
1683, 413, 542, 524, 643
1684, 483, 508, 431, 635
1685, 428, 472, 504, 557
1686, 184, 544, 306, 583
1687, 232, 478, 96, 617
1688, 19, 261, 10, 512
1689, 113, 349, 603, 638
1690, 279, 509, 102, 594
1691, 327, 200, 286, 545
1692, 253, 303, 269, 599
1693, 591, 603, 432, 638
1694, 29, 504, 14, 614
1695, 12, 13, 26, 495
1696, 359, 21, 274, 537
1697, 447, 580, 511, 629
1698, 47, 44, 46, 596
1699, 432, 510, 497, 603
1700, 432, 591, 510, 603
1701, 409, 605, 471, 627
1702, 303, 472, 27, 599
1703, 388, 394, 290, 553
1704, 400, 258, 255, 542
1705, 85, 89, 485, 563
1706, 449, 590, 541, 615
1707, 113, 373, 177, 510
1708, 527, 590, 479, 615
1709, 99, 232, 344, 478
1710, 116, 78, 522, 576
1711, 58, 491, 364, 561
1712, 46, 322, 48, 585
1713, 258, 484, 255, 542
1714, 125, 130, 298, 542
1715, 424, 479, 527, 590
1716, 26, 13, 248, 495
1717, 20, 36, 555, 567
1718, 429, 526, 461, 639
1719, 242, 194, 339, 631
1720, 422, 569, 451, 629
1721, 460, 598, 415, 640
1722, 30, 272, 342, 511
1723, 228, 111, 278, 508
1724, 455, 421, 546, 588
1725, 414, 533, 453, 637
1726, 142, 132, 493, 589
1727, 44, 247, 43, 596
1728, 418, 629, 451, 636
1729, 279, 576, 509, 594
1730, 51, 561, 469, 582
1731, 359, 523, 273, 537
1732, 427, 583, 544, 592
1733, 71, 57, 60, 520
1734, 225, 500, 370, 579
1735, 221, 322, 374, 503
1736, 458, 552, 507, 648
1737, 419, 518, 456, 624
1738, 12, 26, 266, 495
1739, 58, 320, 395, 582
1740, 34, 41, 36, 555
1741, 479, 590, 449, 615
1742, 12, 495, 266, 611
1743, 83, 93, 84, 463
1744, 505, 608, 423, 636
1745, 112, 111, 110, 591
1746, 378, 219, 360, 473
1747, 395, 215, 264, 491
1748, 51, 52, 49, 469
1749, 428, 549, 462, 555
1750, 353, 177, 327, 510
1751, 490, 423, 608, 636
1752, 337, 335, 141, 502
1753, 482, 591, 432, 638
1754, 315, 106, 589, 638
1755, 77, 576, 279, 594
1756, 434, 618, 572, 623
1757, 424, 574, 479, 609
1758, 390, 388, 236, 553
1759, 423, 593, 505, 636
1760, 493, 497, 432, 570
1761, 433, 497, 493, 570
1762, 216, 375, 134, 516
1763, 14, 504, 29, 616
1764, 104, 488, 107, 600
1765, 404, 516, 216, 607
1766, 418, 457, 550, 629
1767, 440, 557, 504, 616
1768, 172, 592, 564, 606
1769, 430, 483, 508, 552
1770, 38, 486, 37, 598
1771, 525, 568, 456, 642
1772, 82, 551, 90, 618
1773, 299, 91, 368, 523
1774, 267, 583, 384, 611
1775, 12, 598, 495, 611
1776, 181, 198, 180, 489
1777, 431, 508, 500, 635
1778, 224, 360, 377, 587
1779, 468, 423, 531, 595
1780, 428, 504, 472, 614
1781, 266, 495, 267, 611
1782, 444, 456, 568, 642
1783, 147, 149, 515, 604
1784, 217, 181, 164, 545
1785, 201, 185, 202, 544
1786, 18, 3, 4, 641
1787, 65, 277, 276, 572
1788, 211, 341, 304, 474
1789, 510, 573, 430, 591
1790, 155, 325, 154, 480
1791, 410, 568, 525, 642
1792, 484, 558, 542, 643
1793, 180, 164, 181, 489
1794, 88, 90, 551, 618
1795, 202, 211, 304, 474
1796, 485, 559, 448, 579
1797, 503, 526, 429, 640
1798, 380, 283, 79, 514
1799, 524, 628, 450, 646
1800, 424, 527, 479, 643
1801, 485, 417, 519, 597
1802, 76, 279, 102, 594
1803, 197, 595, 140, 645
1804, 336, 318, 92, 597
1805, 417, 507, 559, 646
1806, 58, 561, 51, 582
1807, 307, 494, 204, 581
1808, 482, 508, 430, 591
1809, 88, 82, 90, 618
1810, 413, 628, 574, 643
1811, 152, 515, 149, 604
1812, 382, 256, 254, 558
1813, 172, 184, 592, 606
1814, 315, 108, 106, 638
1815, 365, 515, 151, 602
1816, 133, 575, 138, 595
1817, 34, 555, 36, 567
1818, 426, 468, 566, 645
1819, 177, 313, 510, 603
1820, 6, 272, 7, 626
1821, 221, 374, 340, 503
1822, 413, 507, 552, 648
1823, 303, 234, 27, 472
1824, 154, 325, 243, 480
1825, 197, 531, 595, 645
1826, 422, 457, 569, 629
1827, 237, 548, 362, 645
1828, 121, 484, 258, 578
1829, 393, 296, 358, 604
1830, 225, 370, 363, 579
1831, 81, 82, 87, 618
1832, 328, 406, 239, 481
1833, 327, 177, 313, 510
1834, 423, 468, 531, 566
1835, 439, 581, 468, 584
1836, 209, 210, 329, 465
1837, 274, 251, 250, 641
1838, 141, 119, 337, 522
1839, 413, 628, 524, 646
1840, 85, 485, 312, 597
1841, 446, 601, 475, 605
1842, 189, 190, 188, 513
1843, 416, 541, 471, 570
1844, 53, 620, 561, 632
1845, 307, 230, 204, 494
1846, 156, 155, 153, 535
1847, 206, 244, 245, 536
1848, 433, 466, 562, 633
1849, 421, 565, 520, 647
1850, 156, 294, 166, 535
1851, 484, 542, 413, 643
1852, 255, 484, 160, 577
1853, 615, 630, 479, 648
1854, 398, 298, 397, 542
1855, 175, 497, 313, 603
1856, 141, 136, 119, 522
1857, 391, 610, 405, 644
1858, 188, 183, 187, 562
1859, 479, 643, 527, 648
1860, 81, 618, 87, 623
1861, 419, 525, 471, 570
1862, 197, 531, 135, 595
1863, 350, 520, 71, 565
1864, 431, 500, 579, 635
1865, 5, 32, 4, 490
1866, 231, 385, 521, 565
1867, 191, 190, 189, 513
1868, 173, 162, 354, 577
1869, 31, 398, 1, 524
1870, 263, 343, 91, 551
1871, 365, 151, 154, 602
1872, 251, 249, 250, 641
1873, 119, 116, 78, 522
1874, 202, 474, 304, 644
1875, 353, 281, 177, 510
1876, 544, 592, 184, 606
1877, 179, 193, 195, 492
1878, 205, 548, 392, 645
1879, 26, 267, 266, 495
1880, 284, 144, 132, 493
1881, 138, 530, 401, 595
1882, 431, 559, 485, 579
1883, 127, 500, 369, 587
1884, 226, 391, 405, 644
1885, 509, 576, 419, 624
1886, 275, 499, 336, 597
1887, 511, 523, 447, 629
1888, 53, 54, 620, 632
1889, 133, 135, 18, 575
1890, 304, 305, 387, 517
1891, 432, 603, 589, 638
1892, 109, 110, 111, 482
1893, 215, 395, 320, 582
1894, 424, 479, 574, 643
1895, 232, 96, 332, 617
1896, 196, 328, 239, 548
1897, 393, 152, 149, 604
1898, 455, 434, 572, 588
1899, 85, 89, 312, 485
1900, 310, 104, 107, 600
1901, 29, 14, 15, 614
1902, 201, 226, 544, 644
1903, 249, 617, 496, 641
1904, 435, 583, 495, 611
1905, 187, 189, 513, 607
1906, 189, 188, 187, 513
1907, 2, 3, 351, 531
1908, 310, 292, 360, 587
1909, 485, 579, 402, 619
1910, 468, 426, 548, 645
1911, 22, 39, 38, 598
1912, 177, 281, 114, 510
1913, 480, 420, 529, 602
1914, 433, 562, 513, 607
1915, 98, 326, 511, 580
1916, 457, 622, 547, 634
1917, 407, 547, 622, 634
1918, 255, 256, 542, 558
1919, 331, 383, 42, 555
1920, 384, 610, 28, 611
1921, 460, 503, 598, 640
1922, 296, 498, 358, 604
1923, 100, 317, 350, 565
1924, 35, 37, 38, 486
1925, 350, 317, 71, 520
1926, 140, 401, 371, 595
1927, 317, 520, 350, 565
1928, 358, 296, 295, 498
1929, 177, 510, 114, 591
1930, 110, 482, 109, 638
1931, 347, 508, 122, 635
1932, 232, 99, 96, 478
1933, 427, 564, 487, 592
1934, 423, 575, 531, 595
1935, 142, 115, 132, 589
1936, 291, 571, 379, 612
1937, 446, 538, 505, 634
1938, 147, 146, 148, 604
1939, 213, 481, 328, 581
1940, 121, 143, 160, 577
1941, 177, 113, 510, 591
1942, 428, 555, 462, 567
1943, 413, 574, 628, 648
1944, 431, 483, 556, 646
1945, 509, 594, 576, 624
1946, 313, 200, 327, 497
1947, 288, 470, 379, 571
1948, 416, 458, 573, 615
1949, 241, 616, 357, 631
1950, 210, 465, 24, 626
1951, 200, 313, 175, 497
1952, 65, 82, 81, 572
1953, 507, 549, 445, 628
1954, 505, 538, 446, 608
1955, 459, 434, 572, 623
1956, 102, 104, 103, 600
1957, 95, 299, 496, 618
1958, 505, 593, 408, 636
1959, 84, 93, 94, 580
1960, 408, 569, 505, 636
1961, 191, 189, 366, 513
1962, 355, 97, 389, 554
1963, 295, 172, 293, 606
1964, 359, 299, 368, 523
1965, 338, 245, 379, 470
1966, 574, 643, 479, 648
1967, 76, 77, 279, 594
1968, 197, 140, 205, 645
1969, 461, 547, 457, 622
1970, 137, 240, 216, 607
1971, 476, 610, 391, 644
1972, 73, 74, 69, 501
1973, 436, 521, 473, 600
1974, 426, 566, 586, 645
1975, 266, 267, 384, 611
1976, 177, 510, 373, 603
1977, 438, 531, 566, 608
1978, 309, 487, 169, 592
1979, 174, 341, 148, 604
1980, 458, 527, 479, 615
1981, 408, 474, 532, 613
1982, 1, 397, 382, 542
1983, 446, 505, 601, 634
1984, 58, 51, 320, 582
1985, 334, 333, 502, 617
1986, 107, 104, 106, 488
1987, 423, 566, 531, 608
1988, 451, 629, 569, 636
1989, 38, 37, 22, 598
1990, 429, 462, 596, 639
1991, 201, 544, 202, 644
1992, 431, 552, 483, 646
1993, 483, 552, 413, 646
1994, 275, 218, 336, 499
1995, 142, 132, 144, 493
1996, 7, 330, 259, 626
1997, 402, 89, 302, 579
1998, 367, 70, 233, 619
1999, 444, 546, 477, 622
2000, 172, 564, 293, 606
2001, 257, 28, 384, 610
2002, 21, 359, 273, 537
2003, 93, 554, 389, 580
2004, 221, 340, 262, 554
2005, 459, 572, 434, 588
2006, 158, 289, 290, 553
2007, 315, 229, 349, 638
2008, 73, 72, 79, 514
2009, 338, 379, 288, 470
2010, 418, 569, 629, 636
2011, 418, 505, 569, 636
2012, 407, 601, 547, 634
2013, 121, 160, 484, 577
2014, 413, 552, 507, 646
2015, 457, 547, 601, 634
2016, 309, 178, 169, 487
2017, 427, 532, 474, 613
2018, 40, 324, 46, 596
2019, 370, 225, 369, 500
2020, 74, 314, 69, 501
2021, 576, 594, 452, 624
2022, 468, 566, 423, 584
2023, 440, 472, 557, 616
2024, 490, 626, 465, 636
2025, 47, 48, 49, 585
2026, 91, 343, 368, 523
2027, 210, 209, 24, 465
2028, 348, 375, 516, 576
2029, 191, 204, 203, 494
2030, 479, 590, 424, 609
2031, 80, 76, 102, 594
2032, 434, 478, 618, 623
2033, 321, 336, 218, 499
2034, 284, 235, 404, 516
2035, 86, 67, 100, 563
2036, 366, 189, 240, 513
2037, 423, 530, 575, 595
2038, 418, 490, 608, 636
2039, 229, 603, 349, 638
2040, 339, 199, 583, 592
2041, 270, 357, 29, 616
2042, 210, 260, 305, 517
2043, 504, 557, 472, 616
2044, 371, 308, 220, 581
2045, 57, 520, 56, 632
2046, 354, 162, 165, 612
2047, 418, 538, 505, 608
2048, 185, 544, 184, 606
2049, 98, 97, 326, 580
2050, 376, 387, 260, 517
2051, 484, 527, 424, 643
2052, 177, 114, 113, 591
2053, 389, 93, 221, 554
2054, 395, 264, 364, 491
2055, 219, 310, 360, 600
2056, 95, 250, 249, 496
2057, 449, 479, 615, 630
2058, 401, 138, 145, 530
2059, 110, 591, 482, 638
2060, 436, 534, 501, 624
2061, 258, 121, 255, 484
2062, 319, 59, 55, 632
2063, 357, 27, 234, 472
2064, 209, 32, 24, 575
2065, 380, 79, 344, 514
2066, 415, 486, 639, 640
2067, 255, 160, 173, 577
2068, 149, 152, 151, 515
2069, 449, 541, 471, 615
2070, 439, 494, 529, 602
2071, 506, 539, 435, 613
2072, 20, 34, 36, 567
2073, 2, 531, 238, 586
2074, 396, 213, 328, 581
2075, 246, 619, 579, 635
2076, 131, 105, 279, 509
2077, 424, 536, 558, 643
2078, 436, 501, 594, 624
2079, 289, 287, 208, 571
2080, 441, 558, 536, 643
2081, 136, 196, 137, 548
2082, 451, 465, 626, 636
2083, 102, 279, 105, 509
2084, 45, 275, 222, 519
2085, 416, 471, 541, 615
2086, 105, 115, 106, 589
2087, 241, 357, 234, 631
2088, 62, 68, 316, 543
2089, 484, 558, 424, 577
2090, 348, 375, 235, 516
2091, 299, 250, 95, 496
2092, 526, 639, 429, 640
2093, 204, 230, 203, 494
2094, 438, 538, 608, 625
2095, 347, 122, 124, 635
2096, 257, 306, 201, 544
2097, 179, 300, 170, 560
2098, 1, 524, 269, 599
2099, 316, 71, 60, 543
2100, 479, 527, 458, 648
2101, 501, 452, 594, 624
2102, 171, 172, 184, 592
2103, 352, 314, 214, 521
2104, 134, 119, 136, 522
2105, 413, 527, 484, 643
2106, 97, 389, 554, 580
2107, 9, 271, 19, 512
2108, 90, 264, 263, 551
2109, 319, 55, 53, 561
2110, 319, 55, 561, 632
2111, 538, 446, 608, 625
2112, 413, 643, 574, 648
2113, 240, 513, 189, 607
2114, 184, 185, 201, 544
2115, 65, 61, 277, 572
2116, 96, 87, 95, 618
2117, 157, 159, 186, 528
2118, 404, 216, 345, 607
2119, 427, 474, 544, 613
2120, 214, 219, 231, 521
2121, 29, 614, 270, 616
2122, 479, 574, 445, 630
2123, 21, 272, 6, 537
2124, 446, 601, 605, 634
2125, 53, 55, 54, 632
2126, 344, 79, 72, 514
2127, 233, 485, 402, 619
2128, 273, 272, 21, 537
2129, 380, 334, 283, 502
2130, 365, 150, 515, 602
2131, 21, 5, 274, 537
2132, 418, 537, 490, 636
2133, 427, 544, 474, 606
2134, 57, 317, 56, 520
2135, 418, 608, 505, 636
2136, 400, 130, 258, 542
2137, 192, 390, 323, 562
2138, 215, 320, 84, 582
2139, 10, 28, 610, 611
2140, 486, 596, 462, 639
2141, 270, 27, 357, 472
2142, 413, 527, 643, 648
2143, 60, 61, 62, 543
2144, 53, 561, 55, 632
2145, 238, 586, 531, 645
2146, 37, 13, 22, 598
2147, 339, 309, 199, 592
2148, 289, 198, 236, 553
2149, 416, 541, 590, 615
2150, 356, 599, 16, 614
2151, 365, 307, 150, 602
2152, 307, 220, 308, 581
2153, 424, 558, 484, 643
2154, 9, 271, 512, 621
2155, 445, 574, 479, 648
2156, 184, 583, 199, 592
2157, 496, 617, 438, 641
2158, 537, 626, 490, 636
2159, 312, 89, 402, 485
2160, 18, 351, 3, 531
2161, 368, 343, 273, 523
2162, 81, 63, 572, 623
2163, 40, 43, 35, 596
2164, 30, 511, 326, 621
2165, 1, 382, 269, 524
2166, 187, 240, 189, 607
2167, 287, 528, 288, 571
2168, 428, 472, 599, 614
2169, 76, 75, 77, 594
2170, 244, 252, 354, 536
2171, 414, 479, 574, 609
2172, 110, 113, 591, 638
2173, 376, 391, 227, 644
2174, 445, 628, 574, 648
2175, 119, 134, 116, 522
2176, 338, 311, 300, 560
2177, 445, 479, 630, 648
2178, 291, 180, 208, 571
2179, 5, 537, 6, 626
2180, 402, 233, 312, 485
2181, 147, 145, 146, 530
2182, 252, 253, 254, 558
2183, 103, 219, 214, 600
2184, 432, 589, 488, 638
2185, 275, 336, 386, 597
2186, 149, 150, 147, 515
2187, 471, 605, 449, 615
2188, 382, 254, 253, 558
2189, 231, 350, 385, 565
2190, 348, 116, 375, 576
2191, 309, 169, 171, 592
2192, 378, 126, 231, 565
2193, 173, 354, 252, 558
2194, 217, 286, 181, 545
2195, 42, 45, 70, 519
2196, 197, 351, 135, 531
2197, 483, 431, 556, 635
2198, 225, 302, 101, 579
2199, 472, 614, 504, 616
2200, 278, 347, 228, 508
2201, 83, 48, 322, 585
2202, 201, 306, 184, 544
2203, 370, 347, 129, 635
2204, 63, 65, 81, 572
2205, 283, 335, 337, 502
2206, 196, 392, 328, 548
2207, 255, 121, 160, 484
2208, 124, 125, 128, 556
2209, 326, 342, 98, 511
2210, 531, 586, 566, 645
2211, 230, 307, 365, 602
2212, 184, 306, 199, 583
2213, 216, 404, 375, 516
2214, 177, 373, 313, 603
2215, 57, 55, 59, 632
2216, 117, 112, 114, 591
2217, 544, 613, 474, 644
2218, 291, 163, 180, 612
2219, 270, 27, 472, 614
2220, 39, 22, 265, 598
2221, 385, 352, 231, 521
2222, 27, 599, 472, 614
2223, 85, 86, 89, 563
2224, 347, 278, 122, 508
2225, 124, 556, 128, 635
2226, 531, 566, 468, 645
2227, 547, 601, 407, 630
2228, 544, 427, 592, 606
2229, 454, 601, 547, 630
2230, 438, 566, 531, 586
2231, 152, 294, 153, 535
2232, 458, 615, 479, 648
2233, 495, 598, 460, 611
2234, 566, 608, 446, 625
2235, 158, 157, 287, 528
2236, 428, 567, 504, 614
2237, 58, 364, 319, 561
2238, 457, 601, 505, 634
2239, 97, 93, 389, 580
2240, 477, 622, 457, 634
2241, 436, 594, 509, 624
2242, 99, 344, 297, 623
2243, 312, 222, 386, 597
2244, 110, 109, 108, 638
2245, 197, 135, 140, 595
2246, 227, 202, 304, 644
2247, 472, 616, 440, 631
2248, 564, 592, 427, 606
2249, 334, 332, 333, 617
2250, 392, 548, 237, 645
2251, 23, 617, 249, 641
2252, 65, 63, 61, 572
2253, 429, 596, 486, 639
2254, 5, 21, 6, 537
2255, 287, 186, 288, 528
2256, 268, 405, 391, 610
2257, 2, 351, 238, 531
2258, 20, 356, 16, 614
2259, 326, 30, 342, 511
2260, 116, 77, 78, 576
2261, 183, 562, 323, 633
2262, 243, 365, 154, 602
2263, 110, 349, 113, 638
2264, 233, 70, 222, 519
2265, 273, 359, 368, 523
2266, 74, 76, 80, 594
2267, 485, 431, 579, 619
2268, 556, 619, 128, 635
2269, 362, 196, 136, 548
2270, 95, 88, 299, 618
2271, 54, 55, 56, 632
2272, 525, 570, 432, 573
2273, 178, 194, 193, 631
2274, 12, 22, 13, 598
2275, 307, 204, 220, 581
2276, 19, 10, 9, 512
2277, 36, 356, 20, 555
2278, 353, 327, 217, 545
2279, 50, 320, 51, 582
2280, 36, 41, 42, 555
2281, 58, 53, 51, 561
2282, 57, 71, 317, 520
2283, 305, 260, 387, 517
2284, 351, 531, 197, 645
2285, 49, 48, 50, 585
2286, 85, 66, 67, 563
2287, 201, 202, 226, 644
2288, 498, 564, 427, 606
2289, 407, 605, 601, 634
2290, 76, 74, 75, 594
2291, 220, 204, 213, 581
2292, 311, 167, 170, 560
2293, 147, 148, 149, 604
2294, 172, 185, 184, 606
2295, 109, 127, 292, 587
2296, 348, 279, 77, 576
2297, 438, 586, 502, 625
2298, 502, 586, 426, 625
2299, 468, 595, 531, 645
2300, 81, 87, 99, 623
2301, 30, 326, 271, 621
2302, 57, 56, 55, 632
2303, 18, 135, 351, 531
2304, 579, 619, 431, 635
2305, 53, 54, 52, 620
2306, 210, 24, 259, 626
2307, 333, 335, 502, 586
2308, 400, 255, 256, 542
2309, 10, 11, 28, 611
2310, 23, 249, 251, 641
2311, 566, 586, 438, 625
2312, 238, 531, 351, 645
2313, 205, 392, 237, 645
2314, 238, 361, 586, 645
2315, 206, 207, 244, 536
2316, 285, 183, 323, 633
2317, 377, 127, 369, 587
2318, 321, 52, 318, 620
2319, 265, 22, 12, 598
2320, 34, 33, 35, 567
2321, 182, 183, 176, 633
2322, 254, 256, 255, 558
2323, 153, 294, 156, 535
2324, 217, 327, 286, 545
2325, 48, 83, 50, 585
2326, 31, 1, 356, 599
2327, 246, 402, 579, 619
2328, 143, 161, 160, 577
2329, 293, 168, 166, 564
2330, 84, 320, 50, 582
2331, 262, 389, 221, 554
2332, 88, 90, 91, 551
2333, 211, 185, 295, 606
2334, 350, 126, 100, 565
2335, 438, 608, 566, 625
2336, 230, 365, 243, 602
2337, 507, 628, 445, 648
2338, 142, 315, 115, 589
2339, 7, 30, 8, 621
2340, 323, 183, 188, 562
2341, 244, 207, 252, 536
2342, 94, 98, 372, 580
2343, 85, 312, 92, 597
2344, 145, 139, 146, 530
2345, 262, 355, 389, 554
2346, 291, 379, 165, 612
2347, 29, 15, 270, 614
2348, 288, 379, 291, 571
2349, 251, 274, 4, 641
2350, 188, 192, 323, 562
2351, 237, 392, 362, 548
2352, 318, 54, 66, 620
2353, 117, 118, 120, 578
2354, 413, 628, 507, 648
2355, 352, 214, 231, 521
2356, 426, 586, 566, 625
2357, 173, 254, 255, 558
2358, 121, 258, 120, 578
2359, 283, 334, 335, 502
2360, 413, 507, 628, 646
2361, 339, 267, 381, 583
2362, 361, 335, 238, 586
2363, 14, 29, 248, 616
2364, 149, 151, 150, 515
2365, 118, 143, 121, 578
2366, 85, 67, 86, 563
2367, 115, 315, 106, 589
2368, 333, 2, 238, 586
2369, 246, 402, 302, 579
2370, 145, 138, 139, 530
2371, 350, 231, 126, 565
2372, 130, 397, 298, 542
2373, 373, 349, 229, 603
2374, 316, 60, 62, 543
2375, 451, 626, 537, 636
2376, 175, 313, 229, 603
2377, 9, 8, 271, 621
2378, 81, 297, 63, 623
2379, 187, 182, 345, 607
2380, 110, 113, 112, 591
2381, 12, 266, 11, 611
2382, 241, 29, 357, 616
2383, 168, 293, 172, 564
2384, 404, 235, 375, 516
2385, 45, 222, 70, 519
2386, 148, 341, 296, 604
2387, 133, 138, 135, 595
2388, 91, 90, 263, 551
2389, 186, 287, 157, 528
2390, 241, 234, 193, 631
2391, 223, 125, 298, 556
2392, 223, 128, 125, 556
2393, 332, 96, 249, 617
2394, 365, 150, 151, 515
2395, 377, 360, 292, 587
2396, 16, 599, 27, 614
2397, 27, 269, 303, 599
2398, 28, 268, 10, 610
2399, 257, 405, 28, 610
2400, 248, 242, 381, 616
2401, 133, 209, 139, 575
2402, 58, 319, 53, 561
2403, 431, 619, 556, 635
2404, 176, 285, 200, 633
2405, 241, 242, 616, 631
2406, 290, 236, 388, 553
2407, 384, 28, 266, 611
2408, 267, 306, 384, 583
2409, 300, 311, 170, 560
2410, 40, 46, 44, 596
2411, 392, 196, 362, 548
2412, 23, 333, 332, 617
2413, 87, 82, 88, 618
2414, 104, 310, 103, 600
2415, 287, 288, 208, 571
2416, 40, 44, 43, 596
2417, 295, 185, 172, 606
2418, 92, 386, 336, 597
2419, 24, 5, 6, 626
2420, 97, 94, 93, 580
2421, 333, 335, 334, 502
2422, 220, 213, 396, 581
2423, 97, 98, 94, 580
2424, 128, 556, 367, 619
2425, 133, 18, 32, 575
2426, 289, 236, 290, 553
2427, 7, 259, 6, 626
2428, 42, 383, 36, 555
2429, 173, 252, 254, 558
2430, 20, 33, 34, 567
2431, 356, 383, 31, 555
2432, 377, 292, 127, 587
2433, 103, 310, 219, 600
2434, 315, 349, 108, 638
2435, 333, 238, 335, 586
2436, 240, 345, 216, 607
2437, 225, 363, 302, 579
2438, 223, 367, 128, 556
2439, 163, 165, 162, 612
2440, 238, 351, 197, 645
2441, 16, 15, 20, 614
2442, 116, 348, 77, 576
2443, 400, 397, 130, 542
2444, 87, 88, 95, 618
2445, 241, 194, 242, 631
2446, 270, 16, 27, 614
2447, 246, 302, 363, 579
2448, 3, 23, 251, 641
2449, 238, 237, 361, 645
2450, 114, 112, 113, 591
2451, 129, 124, 128, 635
2452, 148, 296, 393, 604
2453, 208, 288, 291, 571
2454, 371, 220, 396, 581
2455, 205, 237, 197, 645
2456, 140, 135, 138, 595
2457, 347, 124, 129, 635
2458, 386, 92, 312, 597
2459, 110, 108, 349, 638
2460, 318, 52, 54, 620
2461, 249, 23, 332, 617
2462, 81, 99, 297, 623
2463, 256, 397, 400, 542
2464, 291, 165, 163, 612
2465, 11, 266, 28, 611
2466, 356, 36, 383, 555
2467, 240, 187, 345, 607
2468, 267, 199, 306, 583
2469, 285, 176, 183, 633
2470, 227, 226, 202, 644
2471, 140, 138, 401, 595
2472, 133, 32, 209, 575
2473, 160, 161, 162, 577
2474, 30, 271, 8, 621
2475, 241, 242, 29, 616
2476, 4, 3, 251, 641
2477, 149, 148, 393, 604
2478, 171, 184, 199, 592
2479, 118, 121, 120, 578
2480, 16, 356, 17, 599
2481, 373, 229, 313, 603
2482, 226, 227, 391, 644
2483, 16, 17, 27, 599
2484, 16, 270, 15, 614
2485, 367, 233, 402, 619
2486, 1, 269, 17, 599
2487, 162, 173, 160, 577
2488, 246, 128, 367, 619
2489, 242, 248, 29, 616
2490, 267, 339, 199, 583
2491, 27, 17, 269, 599
2492, 268, 28, 405, 610
2493, 241, 193, 194, 631
2494, 24, 6, 259, 626
2495, 309, 171, 199, 592
2496, 402, 246, 367, 619
2497, 237, 238, 197, 645
2498, 509, 525, 589, 488
2499, 589, 525, 509, 419
2500, 585, 526, 503, 463
2501, 585, 503, 526, 429
2502, 301, 494, 190, 203
2503, 190, 494, 301, 443
2504, 399, 524, 298, 398
2505, 298, 524, 399, 450
2506, 642, 605, 615, 407
2507, 642, 615, 605, 471
2508, 517, 174, 329, 442
2509, 517, 329, 174, 305
2510, 616, 583, 339, 381
2511, 616, 339, 583, 440
2512, 550, 496, 538, 418
2513, 550, 538, 496, 434
2514, 535, 602, 420, 480
2515, 420, 602, 535, 515
2516, 546, 469, 540, 437
2517, 546, 540, 469, 411
2518, 481, 137, 240, 239
2519, 481, 240, 137, 467
2520, 594, 600, 509, 102
2521, 509, 600, 594, 436
2522, 596, 218, 47, 44
2523, 596, 47, 218, 499
2524, 554, 19, 261, 262
2525, 554, 261, 19, 512
2526, 615, 642, 525, 471
2527, 525, 642, 615, 458
2528, 553, 287, 571, 528
2529, 553, 571, 287, 289
2530, 646, 619, 556, 431
2531, 646, 556, 619, 450
2532, 641, 418, 537, 490
2533, 641, 537, 418, 496
2534, 584, 530, 593, 423
2535, 584, 593, 530, 439
2536, 612, 244, 354, 536
2537, 612, 354, 244, 165
2538, 581, 205, 328, 396
2539, 581, 328, 205, 468
2540, 329, 517, 210, 305
2541, 210, 517, 329, 465
2542, 553, 325, 394, 290
2543, 553, 394, 325, 480
2544, 518, 566, 627, 446
2545, 627, 566, 518, 426
2546, 631, 339, 309, 194
2547, 631, 309, 339, 440
2548, 572, 62, 459, 63
2549, 572, 459, 62, 543
2550, 443, 301, 602, 494
2551, 203, 301, 602, 243
2552, 203, 602, 301, 494
2553, 232, 514, 502, 380
2554, 502, 514, 232, 478
2555, 534, 514, 452, 412
2556, 534, 452, 514, 501
2557, 212, 553, 390, 236
2558, 390, 553, 212, 466
2559, 633, 403, 286, 466
2560, 633, 286, 403, 285
2561, 465, 423, 530, 575
2562, 465, 530, 423, 593
2563, 622, 642, 507, 407
2564, 507, 642, 622, 444
2565, 536, 303, 253, 441
2566, 536, 253, 303, 207
2567, 623, 72, 344, 297
2568, 623, 344, 72, 514
2569, 186, 560, 159, 311
2570, 159, 560, 186, 528
2571, 536, 379, 245, 470
2572, 536, 245, 379, 244
2573, 536, 195, 303, 492
2574, 536, 303, 195, 207
2575, 450, 70, 42, 331
2576, 450, 42, 70, 519
2577, 563, 317, 56, 67
2578, 563, 56, 317, 520
2579, 352, 543, 385, 316
2580, 385, 543, 352, 521
2581, 623, 64, 72, 297
2582, 623, 72, 64, 459
2583, 527, 578, 483, 484
2584, 483, 578, 527, 430
2585, 611, 512, 435, 610
2586, 611, 435, 512, 460
2587, 318, 597, 66, 92
2588, 318, 66, 597, 620
2589, 599, 382, 253, 441
2590, 599, 253, 382, 269
2591, 631, 309, 178, 194
2592, 631, 178, 309, 487
2593, 542, 123, 125, 130
2594, 542, 125, 123, 483
2595, 539, 637, 445, 414
2596, 539, 445, 637, 454
2597, 630, 445, 637, 414
2598, 630, 637, 445, 454
2599, 616, 339, 631, 242
2600, 616, 631, 339, 440
2601, 168, 592, 172, 171
2602, 172, 592, 168, 564
2603, 596, 38, 35, 40
2604, 596, 35, 38, 486
2605, 618, 523, 434, 551
2606, 618, 434, 523, 496
2607, 556, 331, 298, 223
2608, 556, 298, 331, 450
2609, 387, 644, 376, 227
2610, 376, 644, 387, 517
2611, 9, 610, 10, 268
2612, 10, 610, 9, 512
2613, 632, 546, 561, 455
2614, 632, 561, 546, 437
2615, 635, 363, 246, 129
2616, 635, 246, 363, 579
2617, 575, 138, 139, 133
2618, 575, 139, 138, 530
2619, 552, 648, 527, 413
2620, 527, 648, 552, 458
2621, 612, 161, 162, 163
2622, 612, 162, 161, 577
2623, 293, 606, 498, 295
2624, 498, 606, 293, 564
2625, 405, 644, 257, 226
2626, 257, 644, 405, 610
2627, 33, 614, 20, 15
2628, 20, 614, 33, 567
2629, 635, 246, 128, 129
2630, 635, 128, 246, 619
2631, 542, 1, 398, 524
2632, 542, 398, 1, 397
2633, 394, 480, 301, 243
2634, 602, 480, 301, 443
2635, 602, 301, 480, 243
2636, 480, 301, 553, 394
2637, 480, 553, 301, 443
