*Heading
** Job name: Job-1 Model name: Model-1
** Generated by: Abaqus/CAE 2024.HF2
*Preprint, echo=NO, model=NO, history=NO, contact=NO
**
** PARTS
**
*Part, name=Part-1
*Node
      1,           0.,           0.
      2, 0.0120000001,           0.
      3, 0.0240000002,           0.
      4, 0.0359999985,           0.
      5, 0.0480000004,           0.
      6, 0.0599999987,           0.
      7, 0.0719999969,           0.
      8, 0.0839999989,           0.
      9, 0.0960000008,           0.
     10,  0.108000003,           0.
     11,  0.119999997,           0.
     12,           0., 0.0120000001
     13, 0.0120000001, 0.0120000001
     14, 0.0240000002, 0.0120000001
     15, 0.0359999985, 0.0120000001
     16, 0.0480000004, 0.0120000001
     17, 0.0599999987, 0.0120000001
     18, 0.0719999969, 0.0120000001
     19, 0.0839999989, 0.0120000001
     20, 0.0960000008, 0.0120000001
     21,  0.108000003, 0.0120000001
     22,  0.119999997, 0.0120000001
     23,           0., 0.0240000002
     24, 0.0120000001, 0.0240000002
     25, 0.0240000002, 0.0240000002
     26, 0.0359999985, 0.0240000002
     27, 0.0480000004, 0.0240000002
     28, 0.0599999987, 0.0240000002
     29, 0.0719999969, 0.0240000002
     30, 0.0839999989, 0.0240000002
     31, 0.0960000008, 0.0240000002
     32,  0.108000003, 0.0240000002
     33,  0.119999997, 0.0240000002
     34,           0., 0.0359999985
     35, 0.0120000001, 0.0359999985
     36, 0.0240000002, 0.0359999985
     37, 0.0359999985, 0.0359999985
     38, 0.0480000004, 0.0359999985
     39, 0.0599999987, 0.0359999985
     40, 0.0719999969, 0.0359999985
     41, 0.0839999989, 0.0359999985
     42, 0.0960000008, 0.0359999985
     43,  0.108000003, 0.0359999985
     44,  0.119999997, 0.0359999985
     45,           0., 0.0480000004
     46, 0.0120000001, 0.0480000004
     47, 0.0240000002, 0.0480000004
     48, 0.0359999985, 0.0480000004
     49, 0.0480000004, 0.0480000004
     50, 0.0599999987, 0.0480000004
     51, 0.0719999969, 0.0480000004
     52, 0.0839999989, 0.0480000004
     53, 0.0960000008, 0.0480000004
     54,  0.108000003, 0.0480000004
     55,  0.119999997, 0.0480000004
     56,           0., 0.0599999987
     57, 0.0120000001, 0.0599999987
     58, 0.0240000002, 0.0599999987
     59, 0.0359999985, 0.0599999987
     60, 0.0480000004, 0.0599999987
     61, 0.0599999987, 0.0599999987
     62, 0.0719999969, 0.0599999987
     63, 0.0839999989, 0.0599999987
     64, 0.0960000008, 0.0599999987
     65,  0.108000003, 0.0599999987
     66,  0.119999997, 0.0599999987
     67,           0., 0.0719999969
     68, 0.0120000001, 0.0719999969
     69, 0.0240000002, 0.0719999969
     70, 0.0359999985, 0.0719999969
     71, 0.0480000004, 0.0719999969
     72, 0.0599999987, 0.0719999969
     73, 0.0719999969, 0.0719999969
     74, 0.0839999989, 0.0719999969
     75, 0.0960000008, 0.0719999969
     76,  0.108000003, 0.0719999969
     77,  0.119999997, 0.0719999969
     78,           0., 0.0839999989
     79, 0.0120000001, 0.0839999989
     80, 0.0240000002, 0.0839999989
     81, 0.0359999985, 0.0839999989
     82, 0.0480000004, 0.0839999989
     83, 0.0599999987, 0.0839999989
     84, 0.0719999969, 0.0839999989
     85, 0.0839999989, 0.0839999989
     86, 0.0960000008, 0.0839999989
     87,  0.108000003, 0.0839999989
     88,  0.119999997, 0.0839999989
     89,           0., 0.0960000008
     90, 0.0120000001, 0.0960000008
     91, 0.0240000002, 0.0960000008
     92, 0.0359999985, 0.0960000008
     93, 0.0480000004, 0.0960000008
     94, 0.0599999987, 0.0960000008
     95, 0.0719999969, 0.0960000008
     96, 0.0839999989, 0.0960000008
     97, 0.0960000008, 0.0960000008
     98,  0.108000003, 0.0960000008
     99,  0.119999997, 0.0960000008
    100,           0.,  0.108000003
    101, 0.0120000001,  0.108000003
    102, 0.0240000002,  0.108000003
    103, 0.0359999985,  0.108000003
    104, 0.0480000004,  0.108000003
    105, 0.0599999987,  0.108000003
    106, 0.0719999969,  0.108000003
    107, 0.0839999989,  0.108000003
    108, 0.0960000008,  0.108000003
    109,  0.108000003,  0.108000003
    110,  0.119999997,  0.108000003
    111,           0.,  0.119999997
    112, 0.0120000001,  0.119999997
    113, 0.0240000002,  0.119999997
    114, 0.0359999985,  0.119999997
    115, 0.0480000004,  0.119999997
    116, 0.0599999987,  0.119999997
    117, 0.0719999969,  0.119999997
    118, 0.0839999989,  0.119999997
    119, 0.0960000008,  0.119999997
    120,  0.108000003,  0.119999997
    121,  0.119999997,  0.119999997
*Element, type=CPS4R
  1,   1,   2,  13,  12
  2,   2,   3,  14,  13
  3,   3,   4,  15,  14
  4,   4,   5,  16,  15
  5,   5,   6,  17,  16
  6,   6,   7,  18,  17
  7,   7,   8,  19,  18
  8,   8,   9,  20,  19
  9,   9,  10,  21,  20
 10,  10,  11,  22,  21
 11,  12,  13,  24,  23
 12,  13,  14,  25,  24
 13,  14,  15,  26,  25
 14,  15,  16,  27,  26
 15,  16,  17,  28,  27
 16,  17,  18,  29,  28
 17,  18,  19,  30,  29
 18,  19,  20,  31,  30
 19,  20,  21,  32,  31
 20,  21,  22,  33,  32
 21,  23,  24,  35,  34
 22,  24,  25,  36,  35
 23,  25,  26,  37,  36
 24,  26,  27,  38,  37
 25,  27,  28,  39,  38
 26,  28,  29,  40,  39
 27,  29,  30,  41,  40
 28,  30,  31,  42,  41
 29,  31,  32,  43,  42
 30,  32,  33,  44,  43
 31,  34,  35,  46,  45
 32,  35,  36,  47,  46
 33,  36,  37,  48,  47
 34,  37,  38,  49,  48
 35,  38,  39,  50,  49
 36,  39,  40,  51,  50
 37,  40,  41,  52,  51
 38,  41,  42,  53,  52
 39,  42,  43,  54,  53
 40,  43,  44,  55,  54
 41,  45,  46,  57,  56
 42,  46,  47,  58,  57
 43,  47,  48,  59,  58
 44,  48,  49,  60,  59
 45,  49,  50,  61,  60
 46,  50,  51,  62,  61
 47,  51,  52,  63,  62
 48,  52,  53,  64,  63
 49,  53,  54,  65,  64
 50,  54,  55,  66,  65
 51,  56,  57,  68,  67
 52,  57,  58,  69,  68
 53,  58,  59,  70,  69
 54,  59,  60,  71,  70
 55,  60,  61,  72,  71
 56,  61,  62,  73,  72
 57,  62,  63,  74,  73
 58,  63,  64,  75,  74
 59,  64,  65,  76,  75
 60,  65,  66,  77,  76
 61,  67,  68,  79,  78
 62,  68,  69,  80,  79
 63,  69,  70,  81,  80
 64,  70,  71,  82,  81
 65,  71,  72,  83,  82
 66,  72,  73,  84,  83
 67,  73,  74,  85,  84
 68,  74,  75,  86,  85
 69,  75,  76,  87,  86
 70,  76,  77,  88,  87
 71,  78,  79,  90,  89
 72,  79,  80,  91,  90
 73,  80,  81,  92,  91
 74,  81,  82,  93,  92
 75,  82,  83,  94,  93
 76,  83,  84,  95,  94
 77,  84,  85,  96,  95
 78,  85,  86,  97,  96
 79,  86,  87,  98,  97
 80,  87,  88,  99,  98
 81,  89,  90, 101, 100
 82,  90,  91, 102, 101
 83,  91,  92, 103, 102
 84,  92,  93, 104, 103
 85,  93,  94, 105, 104
 86,  94,  95, 106, 105
 87,  95,  96, 107, 106
 88,  96,  97, 108, 107
 89,  97,  98, 109, 108
 90,  98,  99, 110, 109
 91, 100, 101, 112, 111
 92, 101, 102, 113, 112
 93, 102, 103, 114, 113
 94, 103, 104, 115, 114
 95, 104, 105, 116, 115
 96, 105, 106, 117, 116
 97, 106, 107, 118, 117
 98, 107, 108, 119, 118
 99, 108, 109, 120, 119
100, 109, 110, 121, 120
*End Part
**  
**
** ASSEMBLY
**
*Assembly, name=Assembly
**  
*Instance, name=Part-1-1, part=Part-1
*End Instance
**  
*End Assembly
