*Heading
*Node
1, 100., 100., 100.
2, 100., 0., 100.
3, 100., 0., 0.
4, 100., 100., 0.
5, 0., 0., 100.
6, 0., 0., 0.
7, 0., 100., 0.
8, 0., 100., 100.
9, 100., 66.6666687, 100.
10, 100., 33.3333343, 100.
11, 100., 0., 66.6666687
12, 100., 0., 33.3333343
13, 100., 33.3333343, 0.
14, 100., 66.6666687, 0.
15, 100., 100., 33.3333343
16, 100., 100., 66.6666687
17, 66.6666687, 0., 100.
18, 33.3333343, 0., 100.
19, 0., 0., 66.6666687
20, 0., 0., 33.3333343
21, 33.3333343, 0., 0.
22, 66.6666687, 0., 0.
23, 0., 33.3333343, 0.
24, 0., 66.6666687, 0.
25, 33.3333343, 100., 0.
26, 66.6666687, 100., 0.
27, 33.3333343, 100., 100.
28, 66.6666687, 100., 100.
29, 0., 100., 33.3333343
30, 0., 100., 66.6666687
31, 0., 66.6666687, 100.
32, 0., 33.3333343, 100.
33, 100., 51.1231124, 31.6552103
34, 100., 36.9484454, 65.0868654
35, 100., 70.9476471, 59.3484163
36, 51.1231124, 0., 31.6552103
37, 36.9484454, 0., 65.0868654
38, 70.9476471, 0., 59.3484163
39, 57.2530866, 33.4022492, 0.
40, 42.9526746, 66.7263925, 0.
41, 22.2565159, 33.3547741, 0.
42, 77.8120697, 66.6881084, 0.
43, 42.3189878, 100., 69.1535711
44, 52.2122562, 100., 34.0868443
45, 76.8663168, 100., 67.2067344
46, 23.3126611, 100., 45.2155054
47, 21.77165, 100., 22.5271374
48, 28.8733125, 52.4012566, 100.
49, 52.696991, 73.227334, 100.
50, 63.4293854, 41.1430836, 100.
51, 32.0504487, 21.1462781, 100.
52, 22.9807273, 78.4590483, 100.
53, 0., 42.3189878, 69.1535711
54, 0., 52.2122562, 34.0868443
55, 0., 76.8663168, 67.2067344
56, 0., 23.3126611, 45.2155054
57, 0., 21.77165, 22.5271374
58, 36.9190872, 57.8201056, 39.9507672
59, 58.8958025, 44.7663993, 67.648381
60, 27.9851198, 72.1772909, 79.8059821
61, 20.1516658, 19.7856382, 71.7663765
62, 55.9487879, 80.5147886, 57.184273
63, 20.4437062, 78.785789, 48.7410694
64, 72.7338016, 74.0541816, 26.3521492
65, 75.929004, 66.4795995, 80.9705973
66, 15.8888429, 84.6630454, 81.3633323
67, 81.9701552, 20.2941447, 16.7968661
68, 57.4404359, 39.6250159, 26.5092283
69, 82.4702799, 21.8643472, 48.0926186
70, 19.8506355, 17.4723417, 37.0672852
71, 14.3197745, 78.388381, 22.5668013
72, 73.6906409, 21.1497322, 78.6145568
*Element, type=C3D4
  1, 58, 59, 60, 61
  2, 58, 60, 62, 63
  3, 58, 64, 62, 59
  4, 65, 59, 49, 62
  5, 60, 52, 27, 66
  6, 60, 31, 66, 55
  7, 60, 31, 55, 53
  8, 60, 49, 62, 43
  9, 38, 67, 68, 69
 10, 67, 69, 38, 12
 11, 67, 69, 33, 68
 12, 33, 67, 12, 69
 13, 67, 68, 13, 39
 14, 67, 22, 13,  3
 15, 67, 12, 22,  3
 16, 60, 52, 66, 31
 17, 66, 63, 46, 43
 18, 66, 63, 30, 46
 19, 60, 66, 63, 55
 20, 66, 52, 27,  8
 21, 66, 60, 43, 27
 22, 63, 30, 46, 29
 23, 35, 62, 59, 65
 24, 62, 28, 43, 49
 25, 65, 59, 50, 49
 26, 65, 34, 59, 35
 27, 49, 65, 62, 28
 28, 65, 28,  1, 45
 29, 65, 16, 45,  1
 30, 65, 45, 16, 35
 31, 60, 61, 59, 48
 32, 58, 54, 70, 61
 33, 68, 37, 59, 58
 34, 58, 70, 41, 68
 35, 58, 63, 62, 44
 36, 63, 58, 71, 44
 37, 47, 63, 29, 71
 38, 60, 63, 43, 62
 39, 66, 63, 55, 30
 40, 63, 29, 55, 30
 41, 49, 28, 43, 27
 42, 64, 62, 45, 44
 43, 58, 40, 64, 68
 44, 58, 64, 59, 68
 45, 64, 35, 59, 33
 46, 64, 62, 35, 45
 47, 64, 42,  4, 14
 48, 64, 42, 14, 33
 49, 67, 68, 33, 13
 50, 67, 36, 12, 38
 51, 69, 59, 33, 68
 52, 69, 72, 34, 59
 53, 69, 72, 11, 34
 54, 36, 38, 67, 68
 55, 69, 12, 34, 11
 56, 72, 34, 59, 50
 57, 72, 51, 17, 50
 58, 69, 11, 72, 38
 59, 72, 37, 59, 38
 60, 37, 51, 17, 72
 61, 61,  5, 32, 19
 62, 60, 61, 48, 53
 63, 61, 51,  5, 18
 64, 58, 37, 59, 61
 65, 51, 37, 17, 18
 66, 70, 61, 19, 37
 67, 19, 70, 20, 56
 68, 61, 70, 58, 37
 69, 68, 70, 41, 36
 70, 70, 20, 57, 21
 71, 56, 61, 19, 70
 72, 69, 33, 59, 34
 73, 60, 59, 49, 48
 74, 65, 59, 34, 50
 75, 37, 61, 51, 59
 76, 72, 50, 10, 34
 77, 61, 53, 19, 32
 78, 72, 50, 17, 10
 79, 60, 63, 66, 43
 80, 64, 68, 40, 42
 81, 54, 53, 61, 58
 82, 60, 49, 52, 48
 83, 58, 60, 53, 61
 84, 65,  9, 10, 34
 85, 59, 49, 62, 60
 86, 64, 15, 45, 35
 87, 71, 44, 47, 63
 88, 65, 49, 50,  9
 89, 63, 53, 55, 54
 90, 71, 47, 25,  7
 91, 71,  7, 29, 47
 92, 71, 54, 24, 41
 93, 58, 54, 71, 41
 94, 71, 58, 40, 25
 95, 58, 63, 54, 53
 96, 54, 29, 63, 71
 97, 44, 58, 71, 25
 98, 58, 40, 25, 64
 99, 53, 31, 32, 48
100, 61, 53, 56, 19
101, 50, 59, 72, 51
102, 60, 53, 48, 31
103, 49, 52, 27, 60
104, 58, 62, 60, 59
105, 61, 48, 32, 51
106, 66, 43, 46, 30
107, 58, 60, 63, 53
108, 67, 39, 13, 22
109, 65, 50, 34, 10
110, 37, 70, 20, 19
111, 66, 27, 43, 30
112, 62, 44, 46, 43
113, 64,  4, 26, 15
114, 66,  8, 27, 30
115, 28, 65, 62, 45
116, 64, 44, 45, 15
117, 65, 50, 10,  9
118, 25, 64, 44, 58
119, 61, 18, 19, 37
120, 71, 54, 29, 24
121, 58, 54, 63, 71
122, 61, 54, 70, 56
123, 63, 43, 62, 46
124, 37, 70, 58, 68
125, 27, 60, 43, 49
126, 58, 68, 41, 40
127, 71,  7, 25, 24
128, 71, 24, 29,  7
129, 64, 26, 42, 40
130, 68, 40, 39, 41
131, 46, 47, 63, 29
132, 21, 36, 39, 41
133, 70, 57, 41, 21
134, 54, 57, 23, 41
135, 57, 41,  6, 23
136, 26, 64, 44, 25
137, 57,  6, 41, 21
138, 59, 51, 50, 48
139, 72, 17,  2, 10
140, 69, 72, 59, 38
141, 72, 11, 10,  2
142, 68, 40, 42, 39
143, 72, 38, 17, 37
144, 39, 22, 36, 21
145, 65,  1,  9, 16
146, 65, 35, 62, 45
147, 68, 38, 37, 36
148, 65,  9, 35, 16
149, 71, 41, 24, 40
150, 67,  3, 13, 12
151, 60, 63, 53, 55
152, 69, 12, 11, 38
153, 72, 11, 17, 38
154, 72, 10, 11, 34
155, 68, 42, 33, 13
156, 56, 53, 61, 54
157, 66, 55, 31,  8
158, 63, 44, 47, 46
159, 65,  1, 28,  9
160, 72,  2, 17, 11
161, 64, 40, 25, 26
162, 65, 49,  9, 28
163, 25, 44, 47, 71
164, 51, 59, 72, 37
165, 64, 15, 14,  4
166, 68, 13, 39, 42
167, 61, 53, 32, 48
168, 54, 24, 41, 23
169, 64, 44, 15, 26
170, 69, 59, 68, 38
171, 61, 51, 59, 48
172, 59, 48, 50, 49
173, 18, 61, 51, 37
174, 45, 15, 16, 35
175, 69, 34, 12, 33
176, 42, 14, 33, 13
177, 70, 20, 36, 37
178, 64, 42, 26,  4
179, 58, 64, 44, 62
180, 59, 37, 68, 38
181, 45, 28, 43, 62
182, 55, 54, 29, 63
183, 61, 51, 32,  5
184, 59, 34, 33, 35
185, 67, 22, 12, 36
186, 70, 36, 68, 37
187, 64, 35, 62, 59
188, 66, 30, 55,  8
189, 13, 33, 67, 12
190, 60, 52, 31, 48
191, 62, 45, 44, 43
192, 65, 35,  9, 34
193, 66,  8, 31, 52
194, 41, 36, 39, 68
195, 36, 70, 41, 21
196, 64, 33, 15, 35
197, 58, 41, 70, 54
198, 70, 54, 41, 57
199, 64, 15, 33, 14
200, 70, 21, 36, 20
201, 70, 56, 57, 20
202, 67, 68, 39, 36
203, 67, 36, 39, 22
204, 70, 54, 57, 56
205, 61, 19, 18,  5
206, 71, 25, 40, 24
207, 58, 41, 71, 40
208, 64, 68, 42, 33
209, 57, 21, 20,  6
210, 64, 59, 68, 33
211, 63, 46, 62, 44
*End Part